1586630571248 4.335605580044278 0
1586630571263 4.2291861076824 1
1586630571263 4.130454618659688 2
1586630571263 4.039743615012665 3
1586630571279 3.9547309084488953 4
1586630571279 3.8753086420077136 5
1586630571279 3.8036991420399673 6
1586630571279 3.733772314732751 7
1586630571294 3.6666726363940323 8
1586630571294 3.614189888697193 9
1586630571294 3.5553202462410427 10
1586630571310 3.499837690785656 11
1586630571310 3.449850130017085 12
1586630571310 3.4000134554908774 13
1586630571326 3.353550748404635 14
1586630571326 3.3100853797728624 15
1586630571326 3.270495667003362 16
1586630571341 3.2326947867578415 17
1586630571341 3.1966070305322933 18
1586630571341 3.162889621279949 19
1586630571341 3.1329146171654663 20
1586630571357 3.1048105552572 21
1586630571357 3.076558549095256 22
1586630571357 3.050686522243562 23
1586630571357 3.0265553241081173 24
1586630571373 3.005710403712729 25
1586630571373 2.9845757922856695 26
1586630571373 2.964745985124368 27
1586630571373 2.9469549507520205 28
1586630571373 2.929315071934513 29
1586630571388 2.913692688036335 30
1586630571388 2.8984041774688865 31
1586630571388 2.8841986168597074 32
1586630571388 2.871626350598318 33
1586630571404 2.859916404035857 34
1586630571404 2.848661233439582 35
1586630571404 2.838144229054415 36
1586630571404 2.8285926070976903 37
1586630571404 2.819802242467587 38
1586630571423 2.810952277206137 39
1586630571426 2.8026551661671597 40
1586630571430 2.794994709661676 41
1586630571433 2.787931825129827 42
1586630571437 2.782336239903191 43
1586630571440 2.776819573857683 44
1586630571444 2.7719570728259337 45
1586630571447 2.767279148280679 46
1586630571451 2.7640312131647886 47
1586630571455 2.759857995227917 48
1586630571458 2.7563606139666454 49
1586630571462 2.7526691241072156 50
1586630571465 2.749641101728345 51
1586630571469 2.746566175409453 52
1586630571472 2.742931531646858 53
1586630571476 2.740566130695105 54
1586630571479 2.737898123124888 55
1586630571483 2.7357274038794723 56
1586630571486 2.7342305131459956 57
1586630571490 2.732848187449934 58
1586630571494 2.7302900672226564 59
1586630571497 2.728594648767094 60
1586630571501 2.726746136167447 61
1586630571504 2.725687960937656 62
1586630571508 2.724694853357342 63
1586630571511 2.7231259179300378 64
1586630571515 2.7200631642830575 65
1586630571519 2.7176542989580676 66
1586630571522 2.7169121906684564 67
1586630571526 2.7144661682585802 68
1586630571529 2.7110244066002878 69
1586630571533 2.7103843308455655 70
1586630571536 2.709824407559273 71
1586630571540 2.707038414734739 72
1586630571543 2.7063961890450017 73
1586630571547 2.705768315817744 74
1586630571551 2.7044621239403654 75
1586630571554 2.7035609249588872 76
1586630571558 2.7010615116722114 77
1586630571561 2.7005496931927198 78
1586630571565 2.6982582481117197 79
1586630571568 2.697462646050264 80
1586630571572 2.697022965175405 81
1586630571575 2.6963526413831906 82
1586630571579 2.695585504614238 83
1586630571582 2.694386105902761 84
1586630571586 2.6941042185221526 85
1586630571590 2.6919313583497844 86
1586630571593 2.691447601296224 87
1586630571597 2.6903480969577895 88
1586630571600 2.68997600066072 89
1586630571604 2.6896574724610254 90
1586630571607 2.6879794906436287 91
1586630571611 2.6863449726284827 92
1586630571614 2.68613719610408 93
1586630571618 2.6849423815740474 94
1586630571621 2.684427018684869 95
1586630571624 2.684242313431663 96
1586630571628 2.6824356685207085 97
1586630571631 2.6817700914768414 98
1586630571635 2.679919319027828 99
1586630571638 2.678213245250659 100
1586630571642 2.6777412478204217 101
1586630571645 2.67676739540773 102
1586630571649 2.6759629791940633 103
1586630571652 2.675606586860373 104
1586630571656 2.675008804587326 105
1586630571659 2.674481750692179 106
1586630571663 2.672676767475883 107
1586630571724 2.671204855648048 108
1586630571740 2.6709689707293585 109
1586630571740 2.6708254286361814 110
1586630571740 2.67002038918472 111
1586630571740 2.6697487618733593 112
1586630571755 2.668799339143857 113
1586630571755 2.6684703332903053 114
1586630571755 2.668120338207902 115
1586630571755 2.6670643261775115 116
1586630571755 2.6663048932770876 117
1586630571771 2.6659125562517856 118
1586630571771 2.6647545514745588 119
1586630571771 2.6637312165246008 120
1586630571771 2.663386136429229 121
1586630571787 2.6628833164708836 122
1586630571787 2.6616320642416054 123
1586630571787 2.6600855787450572 124
1586630571787 2.659368864563761 125
1586630571787 2.658542344258975 126
1586630571802 2.6583703057295938 127
1586630571802 2.6572083274218827 128
1586630571802 2.6564518087213824 129
1586630571802 2.656192507904651 130
1586630571802 2.655974105126867 131
1586630571818 2.655723319591432 132
1586630571818 2.6554603174671456 133
1586630571818 2.6543045188108474 134
1586630571818 2.6539075457643184 135
1586630571818 2.6531870832420017 136
1586630571834 2.652810100915969 137
1586630571834 2.652503829078834 138
1586630571834 2.6522194375403276 139
1586630571834 2.651851021742893 140
1586630571849 2.6517096077997317 141
1586630571849 2.6514417978482627 142
1586630571849 2.651164954107967 143
1586630571849 2.6505812470158703 144
1586630571849 2.65034131210535 145
1586630571865 2.6497003791962785 146
1586630571865 2.6490851414730314 147
1586630571865 2.648754657788824 148
1586630571865 2.6482138072250985 149
1586630571865 2.647676931274544 150
1586630571880 2.647539027598553 151
1586630571880 2.6470282280049307 152
1586630571880 2.6468330137350056 153
1586630571880 2.646268382663902 154
1586630571880 2.645826264743808 155
1586630571896 2.645216507643639 156
1586630571896 2.6450223303005123 157
1586630571896 2.6447534303860447 158
1586630571896 2.644517685300096 159
1586630571896 2.644083214516224 160
1586630571912 2.6438783624841196 161
1586630571912 2.6434811989431095 162
1586630571912 2.6433137678165397 163
1586630571912 2.642476305073394 164
1586630571912 2.6421831424685105 165
1586630571927 2.641146369581267 166
1586630571927 2.6408295651862614 167
1586630571927 2.6406064332525263 168
1586630571927 2.640383334081575 169
1586630571927 2.64001581641942 170
1586630571943 2.639186188092896 171
1586630571943 2.637966393048897 172
1586630571943 2.636998245844517 173
1586630571943 2.6366852408774393 174
1586630571943 2.6359067655985826 175
1586630571959 2.6356926567248955 176
1586630571959 2.634650762400576 177
1586630571959 2.6344797929779946 178
1586630571959 2.634044500276276 179
1586630571959 2.6329607407638984 180
1586630571974 2.6326373767978826 181
1586630571974 2.6324746759722637 182
1586630571974 2.631502943953016 183
1586630571974 2.631082108770857 184
1586630571974 2.6298916368569674 185
1586630571990 2.629599131744885 186
1586630571990 2.6294455933839007 187
1586630571990 2.628829745110495 188
1586630571990 2.6280537189303064 189
1586630571990 2.6278510566865707 190
1586630572005 2.6272842116981927 191
1586630572005 2.6269959331732187 192
1586630572005 2.626350621678518 193
1586630572005 2.625862861403706 194
1586630572005 2.6247411504453444 195
1586630572021 2.6244348777409003 196
1586630572021 2.624211752550721 197
1586630572021 2.624021746103762 198
1586630572021 2.623749669738629 199
1586630572021 2.623060564137842 200
1586630572037 2.6224534184718227 201
1586630572037 2.6218202267836097 202
1586630572037 2.620740009798902 203
1586630572037 2.620419516855257 204
1586630572037 2.619853103221679 205
1586630572052 2.61956073553432 206
1586630572052 2.6193901982412875 207
1586630572052 2.619227948230871 208
1586630572052 2.618983263865255 209
1586630572052 2.6182548783814203 210
1586630572068 2.617274558702378 211
1586630572068 2.6171355435912194 212
1586630572068 2.6169054529738958 213
1586630572068 2.61656850168623 214
1586630572068 2.6164531356292757 215
1586630572068 2.6154589483470394 216
1586630572084 2.6147606162158814 217
1586630572084 2.6145553456399613 218
1586630572084 2.6143732616818993 219
1586630572084 2.6137906628013936 220
1586630572084 2.613087455858883 221
1586630572099 2.6121957337364274 222
1586630572099 2.611776521081591 223
1586630572099 2.6108015790622536 224
1586630572099 2.6099131047180384 225
1586630572099 2.6091684944482085 226
1586630572115 2.608510513211268 227
1586630572115 2.6081311167399392 228
1586630572115 2.6079681370634975 229
1586630572115 2.6074035999389364 230
1586630572115 2.6073894046075714 231
1586630572130 2.6071692674825107 232
1586630572130 2.6070619495693346 233
1586630572130 2.6067919283776013 234
1586630572130 2.606461532891342 235
1586630572130 2.60581620140342 236
1586630572146 2.6057326337520332 237
1586630572146 2.6049902014455957 238
1586630572146 2.6041287839718645 239
1586630572146 2.6036576018237256 240
1586630572146 2.6034912520876854 241
1586630572146 2.6029555431839473 242
1586630572162 2.602500794094257 243
1586630572162 2.602109145068073 244
1586630572162 2.6019502660953258 245
1586630572162 2.601761942157374 246
1586630572162 2.601310165138536 247
1586630572177 2.601291148057878 248
1586630572177 2.6010214310248108 249
1586630572177 2.6009056087302387 250
1586630572177 2.6007715560945717 251
1586630572177 2.6005964600393305 252
1586630572193 2.6003912181067976 253
1586630572193 2.599470610640275 254
1586630572193 2.5992953091794844 255
1586630572193 2.599051142941644 256
1586630572193 2.598880742812407 257
1586630572193 2.5985195281735907 258
1586630572208 2.5983994050577386 259
1586630572208 2.5979751580618387 260
1586630572208 2.5970937614725047 261
1586630572208 2.595952261186347 262
1586630572208 2.595477193141007 263
1586630572224 2.5950591434757695 264
1586630572224 2.5949635497757457 265
1586630572224 2.594778806196049 266
1586630572224 2.5935578510570214 267
1586630572224 2.593410082111454 268
1586630572240 2.593347253552187 269
1586630572240 2.593196128009545 270
1586630572240 2.592836442277962 271
1586630572240 2.5925822383855532 272
1586630572240 2.592466022153614 273
1586630572240 2.5923867597736594 274
1586630572255 2.5920213331591375 275
1586630572255 2.59181400788871 276
1586630572255 2.591754671454843 277
1586630572255 2.5907971502302845 278
1586630572255 2.5904068275022634 279
1586630572271 2.5892944989744557 280
1586630572271 2.588757128928793 281
1586630572271 2.588684599338334 282
1586630572271 2.587748745479431 283
1586630572271 2.5867120091499105 284
1586630572287 2.5859235909675444 285
1586630572287 2.5855190244035096 286
1586630572287 2.5844519819324288 287
1586630572287 2.584327617500243 288
1586630572287 2.5841036726809565 289
1586630572302 2.5833802313481025 290
1586630572302 2.5832479683248937 291
1586630572302 2.583052945938098 292
1586630572302 2.5822038978739417 293
1586630572302 2.5819053458451346 294
1586630572318 2.5810674905956787 295
1586630572318 2.5810394147126337 296
1586630572318 2.580599309880733 297
1586630572318 2.5797297279113742 298
1586630572318 2.579657421196592 299
1586630572318 2.5791608917616613 300
1586630572333 2.5783005296352113 301
1586630572333 2.577781581729401 302
1586630572333 2.577633114954002 303
1586630572333 2.5774793903684308 304
1586630572333 2.5773110568353976 305
1586630572349 2.5768680279486222 306
1586630572349 2.5767507419189717 307
1586630572349 2.576588698623952 308
1586630572349 2.5762539530390023 309
1586630572349 2.576132568310008 310
1586630572349 2.575857544403943 311
1586630572365 2.575443268248662 312
1586630572365 2.575349821908876 313
1586630572365 2.575187168339198 314
1586630572365 2.5750411735618535 315
1586630572365 2.5747911091180007 316
1586630572380 2.574495389389498 317
1586630572380 2.5743401542536217 318
1586630572380 2.574229031736579 319
1586630572380 2.574026809635387 320
1586630572380 2.5736277575710456 321
1586630572380 2.5731484544012067 322
1586630572396 2.5729449312814676 323
1586630572396 2.572802564497181 324
1586630572396 2.5722200216528033 325
1586630572396 2.57211127680337 326
1586630572396 2.571999523985279 327
1586630572412 2.571200891070266 328
1586630572412 2.5710404330235335 329
1586630572412 2.5709373458199107 330
1586630572412 2.569972334832822 331
1586630572412 2.5698201575561233 332
1586630572427 2.5697112728231395 333
1586630572427 2.569551673581122 334
1586630572427 2.5693775264634184 335
1586630572427 2.5692058210872037 336
1586630572427 2.5690297889201004 337
1586630572427 2.5688735190788075 338
1586630572443 2.56881513821576 339
1586630572443 2.5687351794870374 340
1586630572443 2.568320407396291 341
1586630572443 2.567631504772254 342
1586630572443 2.5667443579605482 343
1586630572458 2.5657449660963074 344
1586630572458 2.5656369963925574 345
1586630572458 2.565253302400399 346
1586630572458 2.565124611006532 347
1586630572458 2.565064516271779 348
1586630572458 2.564944247392322 349
1586630572474 2.564861445215324 350
1586630572474 2.5647621544918233 351
1586630572474 2.564693830274461 352
1586630572474 2.5646014801541743 353
1586630572474 2.564408591964109 354
1586630572490 2.5641345757318335 355
1586630572490 2.5640463472436266 356
1586630572490 2.5639764131351637 357
1586630572490 2.563505132963892 358
1586630572490 2.5634015345714065 359
1586630572490 2.563342010298441 360
1586630572505 2.5630657688314056 361
1586630572505 2.5626609321781193 362
1586630572505 2.562329687498932 363
1586630572505 2.56221262404584 364
1586630572505 2.5616130848257055 365
1586630572521 2.561453428218436 366
1586630572521 2.5614265386006494 367
1586630572521 2.56115022974827 368
1586630572521 2.5609685995509146 369
1586630572521 2.560544003977522 370
1586630572521 2.5604035768916904 371
1586630572536 2.5602794826641926 372
1586630572536 2.560239907428944 373
1586630572536 2.560010382606953 374
1586630572536 2.559889325810383 375
1586630572536 2.5597645816598344 376
1586630572552 2.5586281599217098 377
1586630572552 2.558613245508322 378
1586630572552 2.5585644004639554 379
1586630572552 2.5581988602954646 380
1586630572552 2.5579168819414466 381
1586630572552 2.557598804243904 382
1586630572568 2.55732548294298 383
1586630572568 2.5567321763475706 384
1586630572568 2.5567209301695333 385
1586630572568 2.5565080425650044 386
1586630572568 2.5562861103891 387
1586630572585 2.5562301278511192 388
1586630572588 2.5560930207191945 389
1586630572588 2.55599369802278 390
1586630572588 2.5557052679232837 391
1586630572588 2.555612540554731 392
1586630572588 2.5551858804984673 393
1586630572588 2.555063732743558 394
1586630572603 2.55504249197704 395
1586630572603 2.554928396976099 396
1586630572603 2.5546356258283662 397
1586630572603 2.5545520274898124 398
1586630572603 2.55371763099716 399
1586630572619 2.5536183950136793 400
1586630572619 2.5534966747315457 401
1586630572619 2.5533848373222776 402
1586630572619 2.5533102823837037 403
1586630572619 2.553183089735989 404
1586630572619 2.5531085116532046 405
1586630572635 2.5530814317175503 406
1586630572635 2.552770795873533 407
1586630572635 2.552645980787073 408
1586630572635 2.5525029520594402 409
1586630572635 2.552487863116001 410
1586630572650 2.552195362297025 411
1586630572650 2.5520972929225216 412
1586630572650 2.5519898320611456 413
1586630572650 2.551262274335295 414
1586630572650 2.551154821364089 415
1586630572650 2.55099941678717 416
1586630572666 2.550828293039643 417
1586630572666 2.5502172976249464 418
1586630572666 2.5501489527348675 419
1586630572666 2.550083920260894 420
1586630572666 2.549952087345339 421
1586630572681 2.549155099702209 422
1586630572681 2.5490891327272047 423
1586630572681 2.5490035806290927 424
1586630572681 2.548884155520025 425
1586630572681 2.5488320107338533 426
1586630572681 2.5487649689901186 427
1586630572697 2.5485782150572898 428
1586630572697 2.5476356515759964 429
1586630572697 2.5475068646657406 430
1586630572697 2.5474242859543548 431
1586630572697 2.54730960966162 432
1586630572713 2.54718498716319 433
1586630572716 2.546972941937641 434
1586630572717 2.546889569307676 435
1586630572717 2.5468287359999744 436
1586630572717 2.5463026647522415 437
1586630572717 2.546109305382762 438
1586630572733 2.545113919966653 439
1586630572733 2.5448968940315324 440
1586630572733 2.5447385588828686 441
1586630572733 2.5444394131620767 442
1586630572733 2.544129618884092 443
1586630572733 2.5440828448995765 444
1586630572748 2.5436994610579458 445
1586630572748 2.5435603625393033 446
1586630572748 2.542803336761659 447
1586630572748 2.542685717424982 448
1586630572748 2.5420771090895813 449
1586630572764 2.542030907856296 450
1586630572764 2.541899867949085 451
1586630572764 2.5418549102612094 452
1586630572764 2.5412349621084758 453
1586630572764 2.5411389216263096 454
1586630572764 2.5410297432826203 455
1586630572780 2.5409195112975054 456
1586630572780 2.5409072883876966 457
1586630572780 2.5402227230230143 458
