1586640947447 4.277074142080241 0
1586640947463 4.222162831475177 1
1586640947463 4.169495307521008 2
1586640947463 4.117518490828559 3
1586640947478 4.065196799839562 4
1586640947478 4.012628627164865 5
1586640947478 3.957952196469105 6
1586640947494 3.9025326062644967 7
1586640947494 3.845285613452243 8
1586640947510 3.787426590162848 9
1586640947510 3.7286903629964425 10
1586640947510 3.6692233264765615 11
1586640947525 3.608585276495282 12
1586640947525 3.548061195007944 13
1586640947541 3.4887336554673225 14
1586640947541 3.4301773770691666 15
1586640947541 3.373292193041208 16
1586640947541 3.318599981992926 17
1586640947556 3.2656102119828203 18
1586640947556 3.215032218396872 19
1586640947556 3.1676239542036106 20
1586640947556 3.125651444666909 21
1586640947572 3.0856222725733997 22
1586640947572 3.05074980736152 23
1586640947572 3.0145841266465245 24
1586640947572 2.982548496416423 25
1586640947589 2.954790122582063 26
1586640947589 2.9298397108377845 27
1586640947589 2.9053600259130965 28
1586640947589 2.8853569082918424 29
1586640947604 2.8658415348515427 30
1586640947604 2.8507886015098522 31
1586640947620 2.840379017169346 32
1586640947620 2.825373211406303 33
1586640947620 2.8138001029401427 34
1586640947636 2.8010791409851667 35
1586640947636 2.7903697559577427 36
1586640947636 2.7800127675361415 37
1586640947636 2.7760086442319865 38
1586640947651 2.76751772123291 39
1586640947651 2.7644805632658107 40
1586640947651 2.758123406892579 41
1586640947651 2.7512603149338313 42
1586640947667 2.748183491969795 43
1586640947667 2.7451789619631093 44
1586640947667 2.7401535983997465 45
1586640947667 2.733624724008023 46
1586640947683 2.731905250410594 47
1586640947683 2.727447212589655 48
1586640947683 2.7231237604637215 49
1586640947683 2.7192067967395093 50
1586640947698 2.71491038364055 51
1586640947698 2.709943935506661 52
1586640947698 2.708770431230669 53
1586640947698 2.7071968350832885 54
1586640947714 2.704696717715682 55
1586640947714 2.701774305156629 56
1586640947714 2.7009121083488212 57
1586640947714 2.6996831369173364 58
1586640947729 2.696092588734057 59
1586640947729 2.694401995536372 60
1586640947729 2.693502484128599 61
1586640947729 2.6922429879242338 62
1586640947745 2.6907561887732605 63
1586640947745 2.6898240310473813 64
1586640947745 2.6876525359247716 65
1586640947745 2.6869092783960395 66
1586640947761 2.684619239208978 67
1586640947761 2.6823307853181024 68
1586640947761 2.6798412077435882 69
1586640947761 2.6772238398005226 70
1586640947776 2.6765361698449888 71
1586640947776 2.676153019918911 72
1586640947776 2.6756099090261443 73
1586640947776 2.674949556818608 74
1586640947792 2.674307413755205 75
1586640947792 2.6730199238565695 76
1586640947792 2.671578235122429 77
1586640947792 2.6711114328796226 78
1586640947808 2.6702698933691726 79
1586640947808 2.6688317669319868 80
1586640947808 2.66779948332977 81
1586640947808 2.667109895435862 82
1586640947808 2.6666506934131697 83
1586640947823 2.6656540588953574 84
1586640947823 2.664361668517647 85
1586640947823 2.663725796334373 86
1586640947823 2.6634863520982046 87
1586640947839 2.662920704811077 88
1586640947839 2.6623828100007305 89
1586640947839 2.6609681536818433 90
1586640947839 2.660667847889606 91
1586640947854 2.6597450408503125 92
1586640947854 2.6594652922932958 93
1586640947854 2.6577610018630895 94
1586640947854 2.652535653463346 95
1586640947870 2.6520742489051345 96
1586640947870 2.6518208376749146 97
1586640947870 2.6505990076890824 98
1586640947870 2.650369124785662 99
1586640947870 2.6490307751603748 100
1586640947886 2.6488831112972058 101
1586640947886 2.646769462388169 102
1586640947886 2.646303421502227 103
1586640947886 2.6460341795365565 104
1586640947901 2.6454855049085806 105
1586640947901 2.643779903598785 106
1586640947901 2.643391270117886 107
1586640947901 2.643319697560232 108
1586640947917 2.643070130161976 109
1586640947917 2.642915459433964 110
1586640947917 2.6426929136794315 111
1586640947917 2.6420129055417516 112
1586640947917 2.6413662061594394 113
1586640947933 2.6356413880886445 114
1586640947933 2.63533750376896 115
1586640947933 2.6351143724319113 116
1586640947933 2.6319573153030142 117
1586640947933 2.6316606092489465 118
1586640947948 2.631490916056996 119
1586640947948 2.6312346601882646 120
1586640947948 2.630224197769877 121
1586640947948 2.6300342321316106 122
1586640947948 2.629877383481717 123
1586640947964 2.6293526494687107 124
1586640947964 2.6290029733164983 125
1586640947964 2.628253006906902 126
1586640947964 2.626903387941154 127
1586640947964 2.6264103224069153 128
1586640947979 2.626259695576269 129
1586640947979 2.6259095888004746 130
1586640947979 2.625726111716355 131
1586640947979 2.6254312414859236 132
1586640947979 2.625200024823199 133
1586640947995 2.6244031480865746 134
1586640947995 2.6238084589900605 135
1586640947995 2.621895272114785 136
1586640947995 2.621701557531203 137
1586640947995 2.6215261600209274 138
1586640948011 2.621476622928086 139
1586640948011 2.6209544990080165 140
1586640948011 2.6201897661813676 141
1586640948011 2.62007348098526 142
1586640948011 2.619647029321955 143
1586640948026 2.619505248219512 144
1586640948026 2.6194809633685368 145
1586640948026 2.6194519609820444 146
1586640948026 2.6193081738843578 147
1586640948026 2.619030835139477 148
1586640948042 2.6183136930370394 149
1586640948042 2.618202119211389 150
1586640948042 2.6178413318289606 151
1586640948042 2.6164794578030617 152
1586640948042 2.6164016421506653 153
1586640948058 2.6160428638066864 154
1586640948058 2.615132740575994 155
1586640948058 2.6147226219698214 156
1586640948058 2.6140333821252884 157
1586640948058 2.614013877115913 158
1586640948073 2.6133712292847657 159
1586640948073 2.6131030220855798 160
1586640948073 2.6130907944923427 161
1586640948073 2.613066851645879 162
1586640948073 2.6130581903148076 163
1586640948089 2.612900921129097 164
1586640948089 2.612701006155726 165
1586640948089 2.6121590368985923 166
1586640948089 2.6121218778606328 167
1586640948089 2.611901758900864 168
1586640948104 2.6118460374336183 169
1586640948104 2.611754178817467 170
