1586624761588 14.699151747742649 0
1586624761588 14.04689168399809 1
1586624761588 13.428241504915425 2
1586624761604 12.819418224428809 3
1586624761604 12.224978771732676 4
1586624761619 11.660972523183665 5
1586624761619 11.125632675973389 6
1586624761619 10.617660016800944 7
1586624761635 10.139838706640957 8
1586624761635 9.683449327660558 9
1586624761635 9.251133330137419 10
1586624761650 8.84173120325809 11
1586624761650 8.47001866825759 12
1586624761650 8.10396442752906 13
1586624761666 7.757534113191455 14
1586624761666 7.430067098007473 15
1586624761666 7.11832236765082 16
1586624761666 6.825546354349382 17
1586624761682 6.548572136018941 18
1586624761682 6.287861267243345 19
1586624761682 6.041370252592256 20
1586624761682 5.809942177126975 21
1586624761697 5.592003159071429 22
1586624761697 5.385046415362644 23
1586624761697 5.191603178441651 24
1586624761713 5.010338532603475 25
1586624761713 4.839871754405775 26
1586624761713 4.680511559955869 27
1586624761713 4.529227011763845 28
1586624761729 4.390272602222942 29
1586624761729 4.260336536287349 30
1586624761729 4.140759198068047 31
1586624761729 4.0279374023966765 32
1586624761744 3.932057199228743 33
1586624761744 3.8354555902879435 34
1586624761744 3.743872788271072 35
1586624761744 3.660237075920904 36
1586624761760 3.5881256566317985 37
1586624761760 3.5212814005450364 38
1586624761760 3.454303226380843 39
1586624761760 3.3901267391333922 40
1586624761775 3.3307567259753634 41
1586624761775 3.275899865173753 42
1586624761775 3.2255787955949686 43
1586624761775 3.1807970787509547 44
1586624761791 3.138036852474219 45
1586624761791 3.1040810017829235 46
1586624761791 3.067104406429193 47
1586624761791 3.034063365079985 48
1586624761807 3.0037004031905057 49
1586624761807 2.975628761506709 50
1586624761807 2.9500020244696774 51
1586624761807 2.927783853886129 52
1586624761822 2.906462620714997 53
1586624761822 2.8868994633019978 54
1586624761822 2.8693592881671584 55
1586624761822 2.8556844644501345 56
1586624761838 2.839888774293369 57
1586624761838 2.8251140136842916 58
1586624761838 2.8139476113138517 59
1586624761838 2.8014304781486823 60
1586624761838 2.7897650500221784 61
1586624761854 2.780088917014609 62
1586624761854 2.7708376379361224 63
1586624761854 2.762354174626499 64
1586624761854 2.7549361624713913 65
1586624761869 2.7477313979911617 66
1586624761869 2.741335445355501 67
1586624761869 2.737621060968993 68
1586624761869 2.73202534164603 69
1586624761869 2.728206225188956 70
1586624761885 2.7262809690086205 71
1586624761885 2.7228999559943023 72
1586624761885 2.721001062083486 73
1586624761885 2.719868017975132 74
1586624761900 2.7174543263618993 75
1586624761900 2.7156191414034216 76
1586624761900 2.713227735089544 77
1586624761900 2.7096936735139026 78
1586624761900 2.708412327261279 79
1586624761916 2.708197756661768 80
1586624761916 2.7063973508255685 81
1586624761916 2.703767518422998 82
1586624761916 2.701472663733424 83
1586624761932 2.698640284452964 84
1586624761932 2.6969970731888653 85
1586624761932 2.694226133592985 86
1586624761932 2.6925609985952477 87
1586624761947 2.690180392105791 88
1586624761947 2.6883776432301034 89
1586624761947 2.687287332419055 90
1586624761947 2.686428756896037 91
1586624761947 2.684469602784771 92
1586624761963 2.6827295901472343 93
1586624761963 2.6813207900679434 94
1586624761963 2.6794186372847206 95
1586624761963 2.6774775431842697 96
1586624761979 2.6768737533706246 97
1586624761979 2.676751161237176 98
1586624761979 2.6749666623349 99
1586624761979 2.673180923162812 100
1586624761979 2.6715294651390535 101
1586624761994 2.670493609862046 102
1586624761994 2.6697111084972485 103
1586624761994 2.668391606719698 104
1586624761994 2.6675067003025967 105
1586624762010 2.6670808395497234 106
1586624762010 2.665345516218463 107
1586624762010 2.6648523249671827 108
1586624762010 2.6635721345982972 109
1586624762010 2.6627450170919746 110
1586624762028 2.661716224314818 111
1586624762059 2.6604020685130796 112
1586624762075 2.6591742963347733 113
1586624762075 2.658931160372209 114
1586624762075 2.658116848176849 115
1586624762075 2.6578371228695192 116
1586624762075 2.6572845564559597 117
1586624762090 2.6568981183041447 118
1586624762090 2.655552287987868 119
1586624762090 2.6552787752437954 120
1586624762090 2.6545519231170873 121
1586624762090 2.6533635472707284 122
1586624762106 2.651799114065234 123
1586624762106 2.6504207343622435 124
1586624762106 2.649715284033345 125
1586624762106 2.6494495705195176 126
1586624762122 2.6492056416220047 127
1586624762122 2.648655336964097 128
1586624762122 2.6483338282587643 129
1586624762122 2.6467399659760202 130
1586624762122 2.6459570200846705 131
1586624762137 2.6456109185823076 132
1586624762137 2.6450683845707044 133
1586624762137 2.643380701844084 134
1586624762137 2.642445716389254 135
1586624762137 2.6416146112257124 136
1586624762153 2.641393312697191 137
1586624762153 2.6405410670681317 138
1586624762153 2.639548692044724 139
1586624762153 2.639213795674576 140
1586624762168 2.6389787465895713 141
1586624762168 2.638158141635073 142
1586624762168 2.6379234096049347 143
1586624762168 2.637563216091953 144
1586624762168 2.6372137965678606 145
1586624762184 2.6364928906945395 146
1586624762184 2.635479622547547 147
1586624762184 2.635284556201167 148
1586624762184 2.633861687083071 149
1586624762200 2.632563712134653 150
1586624762200 2.6321632734242133 151
1586624762200 2.6317701473446613 152
1586624762200 2.6308134837041184 153
1586624762200 2.6304702744967066 154
1586624762215 2.6294716969460756 155
1586624762215 2.629169436461081 156
1586624762215 2.6288317130243977 157
1586624762215 2.6279276288104456 158
1586624762215 2.627706954734453 159
1586624762232 2.627505614776739 160
1586624762232 2.626698613367248 161
1586624762232 2.6253264457557153 162
1586624762232 2.6244748874669983 163
1586624762232 2.623470265169943 164
1586624762248 2.623271895724562 165
1586624762248 2.622523064519354 166
1586624762248 2.6224021531296837 167
1586624762248 2.6202561374102324 168
1586624762248 2.6190604010707768 169
1586624762264 2.6185392867083808 170
1586624762264 2.6162533475554297 171
1586624762264 2.614910495039798 172
1586624762264 2.6136453356576794 173
1586624762264 2.613201790637104 174
1586624762279 2.6130049123600307 175
1586624762279 2.6126978630169337 176
1586624762279 2.6124910366473384 177
1586624762279 2.611106168747058 178
1586624762295 2.6110058537082725 179
1586624762295 2.6108519310464344 180
1586624762295 2.609309456377931 181
1586624762295 2.6079655629195493 182
1586624762295 2.606664111156983 183
1586624762310 2.605395369093782 184
1586624762310 2.605294659606259 185
1586624762310 2.6049668326534086 186
1586624762310 2.6046368034455067 187
1586624762310 2.6044378718535555 188
1586624762326 2.6040724798926855 189
1586624762326 2.603882639368572 190
1586624762326 2.6036815178144423 191
1586624762326 2.6033145981081036 192
1586624762326 2.601665956513196 193
1586624762342 2.600585311355363 194
1586624762342 2.6002513916271806 195
1586624762342 2.599806437820234 196
1586624762342 2.598602991858898 197
1586624762342 2.5984250979390424 198
1586624762357 2.598097620620485 199
1586624762357 2.597866171244285 200
1586624762357 2.5969850642486683 201
1586624762357 2.5967521450307225 202
1586624762367 2.5955110039751603 203
1586624762367 2.5950680298775772 204
1586624762367 2.594894122329823 205
1586624762367 2.593511756020953 206
1586624762383 2.593392757742402 207
1586624762383 2.5929726316847233 208
1586624762383 2.5927956166331736 209
1586624762383 2.5925894631593827 210
1586624762399 2.5924062945499884 211
1586624762399 2.592238484905354 212
1586624762399 2.591993118354446 213
1586624762399 2.5918374834769313 214
1586624762414 2.5908364547977545 215
1586624762414 2.5907511822133644 216
1586624762414 2.5906270268836846 217
1586624762414 2.589938236716697 218
1586624762430 2.5897999987528304 219
1586624762430 2.5890506063619037 220
1586624762430 2.588816712296371 221
1586624762430 2.5875881490921913 222
1586624762446 2.587433520186931 223
1586624762446 2.5860019457023418 224
1586624762446 2.584900768443578 225
1586624762446 2.5843816242668116 226
1586624762446 2.5841848826368476 227
1586624762461 2.583931396500676 228
1586624762461 2.583743676104563 229
1586624762461 2.583276652227125 230
1586624762461 2.5831115209022646 231
1586624762477 2.582852764996177 232
1586624762477 2.5816681015180367 233
1586624762477 2.581115704254194 234
1586624762477 2.580829908816538 235
1586624762493 2.5799652636334667 236
1586624762493 2.5796113561270158 237
1586624762493 2.5786007333477414 238
1586624762493 2.5777831840744 239
1586624762508 2.576738479028644 240
1586624762508 2.575736011493438 241
1586624762508 2.5751491157149737 242
1586624762508 2.574709025742769 243
1586624762508 2.573868048419884 244
1586624762524 2.572958843325982 245
1586624762524 2.572479094150245 246
1586624762524 2.5722061548140918 247
1586624762524 2.5711280383653192 248
1586624762539 2.5709213807167006 249
1586624762539 2.5706703606223047 250
1586624762539 2.5703184488989352 251
1586624762539 2.5698975697393296 252
1586624762555 2.5693435773501645 253
1586624762555 2.5692149784910336 254
1586624762555 2.569083159689463 255
1586624762555 2.568890911021415 256
1586624762555 2.567992959752634 257
1586624762571 2.567638593109201 258
1586624762571 2.5675293721465224 259
1586624762571 2.566795831900427 260
1586624762571 2.566184020327519 261
1586624762588 2.566088324742219 262
1586624762589 2.565915201675509 263
1586624762589 2.5658271614563213 264
1586624762589 2.565402032390611 265
1586624762589 2.565268973157026 266
1586624762604 2.5647405011520714 267
1586624762604 2.564442457327664 268
1586624762604 2.5643503887729877 269
1586624762604 2.5641339881287877 270
1586624762620 2.5639327003978756 271
1586624762620 2.563783769706997 272
1586624762620 2.5637488711682197 273
1586624762620 2.5633411521305045 274
1586624762620 2.5632546538374443 275
1586624762636 2.563027765784839 276
1586624762636 2.562989405643723 277
1586624762636 2.562881832085718 278
1586624762636 2.5626888872345224 279
1586624762651 2.5619128006325944 280
1586624762651 2.561505782141424 281
1586624762651 2.561170819866813 282
1586624762651 2.5605197815421716 283
1586624762651 2.559419086466546 284
1586624762667 2.5579944021921395 285
1586624762667 2.5573867173450777 286
1586624762667 2.5573349377283767 287
1586624762667 2.556915995219682 288
1586624762682 2.5566582368743003 289
1586624762682 2.556355120496025 290
1586624762682 2.556277184468952 291
1586624762682 2.5561540665246762 292
1586624762698 2.556047396994211 293
1586624762698 2.5558606711219642 294
1586624762698 2.555749437986493 295
1586624762698 2.5553622276477173 296
1586624762698 2.555019093440737 297
1586624762714 2.554738541713131 298
1586624762714 2.5540301021676384 299
1586624762714 2.553028868659884 300
1586624762714 2.5527860955590373 301
1586624762729 2.5517000656463305 302
1586624762729 2.5515017006182084 303
1586624762729 2.5513421513228334 304
1586624762729 2.5512985583836687 305
1586624762729 2.5511122986680936 306
1586624762745 2.5509216523360974 307
1586624762745 2.549743099416896 308
1586624762745 2.5496904261732056 309
1586624762745 2.548278851926733 310
1586624762761 2.5477656534923105 311
1586624762761 2.5477703406284626 312
1586624762761 2.5472109877282363 313
1586624762761 2.5468251271922604 314
1586624762761 2.546596302669307 315
1586624762776 2.5454410567832686 316
1586624762776 2.545069186335541 317
1586624762776 2.544789453253107 318
1586624762776 2.544596184630553 319
1586624762792 2.54448547974267 320
1586624762793 2.544367081010858 321
1586624762793 2.5443125090223813 322
1586624762793 2.5441272377174537 323
1586624762793 2.5436808044770327 324
1586624762809 2.5434280110720127 325
1586624762809 2.5432781419366757 326
1586624762809 2.5431976046078977 327
1586624762809 2.5431350777192883 328
1586624762809 2.5431121339086666 329
1586624762825 2.542252724244981 330
1586624762825 2.5417374454046997 331
1586624762825 2.5410120308692257 332
1586624762825 2.5409805784614004 333
1586624762840 2.5408074362028077 334
1586624762840 2.540638975517697 335
1586624762840 2.540573195213259 336
1586624762840 2.540315900400088 337
1586624762840 2.5400869689076724 338
1586624762856 2.53986358212401 339
1586624762856 2.53963597687352 340
1586624762856 2.539568896520479 341
1586624762856 2.5393880955765655 342
1586624762871 2.539131981875042 343
1586624762871 2.5389726990162527 344
1586624762871 2.5387276566997885 345
1586624762871 2.5386390853705 346
1586624762871 2.538481868568584 347
1586624762887 2.5383104580621425 348
1586624762887 2.5379738847285482 349
1586624762887 2.537816456124802 350
1586624762887 2.5377091596440033 351
1586624762887 2.537489538552857 352
1586624762903 2.5373382631837114 353
1586624762903 2.537180450217599 354
1586624762903 2.537184007336685 355
1586624762903 2.5371659806078775 356
1586624762918 2.537065229905105 357
1586624762918 2.5368508783240737 358
1586624762918 2.5367811697654683 359
1586624762918 2.536485167918292 360
1586624762918 2.536138546884388 361
