1586631472473 4.29157541217253 0
1586631472473 4.249620668185923 1
1586631472493 4.209516100329639 2
1586631472495 4.170387124534575 3
1586631472495 4.131628265840697 4
1586631472511 4.093290893133078 5
1586631472511 4.054029897191194 6
1586631472511 4.0146365266432245 7
1586631472526 3.9741764756112947 8
1586631472526 3.933320886519207 9
1586631472526 3.891639134134376 10
1586631472542 3.8493909546576295 11
1586631472542 3.805851029318467 12
1586631472542 3.761429374299653 13
1586631472557 3.716892782660882 14
1586631472557 3.6721769832491717 15
1586631472557 3.627522098253899 16
1586631472573 3.5822262212692166 17
1586631472573 3.5369538391991093 18
1586631472573 3.492820437095496 19
1586631472589 3.449274673192952 20
1586631472589 3.406233265743852 21
1586631472589 3.3644912317739184 22
1586631472589 3.3242518040757516 23
1586631472604 3.2844097595970787 24
1586631472604 3.2458986412231394 25
1586631472604 3.2096193726190085 26
1586631472604 3.1752061082614307 27
1586631472620 3.144703607270307 28
1586631472620 3.112472004177236 29
1586631472620 3.083395990117305 30
1586631472620 3.0562898043402074 31
1586631472635 3.0327294157740594 32
1586631472635 3.0072927873699378 33
1586631472635 2.9844699505463983 34
1586631472635 2.9627839125068225 35
1586631472651 2.9436704550567394 36
1586631472651 2.9238852640491615 37
1586631472651 2.909642087626206 38
1586631472651 2.8937495787443357 39
1586631472667 2.8829656444979515 40
1586631472667 2.8711053166179243 41
1586631472667 2.8576482497755684 42
1586631472667 2.8455671584881963 43
1586631472682 2.8349675072986815 44
1586631472682 2.8242571980443194 45
1586631472682 2.813408675003578 46
1586631472682 2.8068734678132277 47
1586631472699 2.797456764426437 48
1586631472699 2.7890465470825316 49
1586631472699 2.7861700457652625 50
1586631472699 2.778565307518434 51
1586631472715 2.7732224878340266 52
1586631472715 2.768448817738212 53
1586631472715 2.7658428191923328 54
1586631472715 2.7589026633267815 55
1586631472730 2.75439177794287 56
1586631472730 2.7527946454087098 57
1586631472730 2.7471219752727287 58
1586631472730 2.745632393070844 59
1586631472746 2.7435121681636123 60
1586631472746 2.740800487542427 61
1586631472746 2.739315304400661 62
1586631472746 2.737488653267524 63
1586631472762 2.7357102424132043 64
1586631472762 2.7331126627345776 65
1586631472762 2.7308753906860788 66
1586631472762 2.7283656498528854 67
1586631472777 2.726269557477259 68
1586631472777 2.7250015936612284 69
1586631472777 2.7223209772627954 70
1586631472777 2.721817645657852 71
1586631472793 2.719483281187962 72
1586631472793 2.71762841148489 73
1586631472793 2.7148676458493006 74
1586631472793 2.712617828319207 75
1586631472809 2.7097034217764877 76
1586631472809 2.708027512746779 77
1586631472809 2.70688062662122 78
1586631472809 2.7040032244440955 79
1586631472824 2.702517379613017 80
1586631472824 2.701190443436516 81
1586631472824 2.6981751658821485 82
1586631472824 2.696537858343923 83
1586631472824 2.696005632021696 84
1586631472840 2.6947524102170175 85
1586631472840 2.691828076654791 86
1586631472840 2.6909487524555686 87
1586631472840 2.689475429023367 88
1586631472855 2.688692740303512 89
1586631472855 2.6857536109133826 90
1586631472855 2.6837013504660767 91
1586631472855 2.682899760348452 92
1586631472871 2.681517518359806 93
1586631472871 2.6808516287791337 94
1586631472871 2.679167008756374 95
1586631472871 2.6788513913259617 96
1586631472887 2.678685843358755 97
1586631472887 2.6783899818165664 98
1586631472887 2.6772866664879107 99
1586631472887 2.6767473681064864 100
1586631472887 2.6757229334029624 101
1586631472902 2.6751510462791366 102
1586631472902 2.6715557508525882 103
1586631472902 2.6712353758712593 104
1586631472902 2.669892472798264 105
1586631472918 2.6696793149264892 106
1586631472918 2.6689205820272703 107
1586631472918 2.6646877552967116 108
1586631472918 2.664397554127911 109
1586631472934 2.6634604483902837 110
1586631472934 2.6631294170285704 111
1586631472934 2.6629672980775903 112
1586631472934 2.660031188781018 113
1586631472949 2.659748193368156 114
1586631472949 2.6586856335435374 115
1586631472949 2.6574322193343263 116
1586631472949 2.6514482605584697 117
1586631472949 2.65095313821717 118
1586631472965 2.6506068059149275 119
1586631472965 2.6502408772315658 120
1586631472965 2.6500223482872065 121
1586631472965 2.649774920903801 122
1586631472980 2.648559939202969 123
1586631472980 2.6473852956743826 124
1586631472980 2.646946271385789 125
1586631472980 2.6468538292909223 126
1586631472996 2.643810081703843 127
1586631472996 2.643478535130567 128
1586631472996 2.6420008283025567 129
1586631472996 2.64182201192449 130
1586631472996 2.6414993294319244 131
1586631473012 2.640503094010992 132
1586631473012 2.639183091016296 133
1586631473012 2.638609150830907 134
1586631473012 2.638425801421426 135
1586631473027 2.6381974823981604 136
1586631473027 2.6379723692892476 137
1586631473027 2.6375079854485373 138
1586631473027 2.637327849539414 139
1586631473043 2.636825775632934 140
1586631473043 2.6366489611585244 141
1586631473043 2.635752994369548 142
1586631473043 2.6351041041798386 143
1586631473043 2.6344619623557817 144
1586631473058 2.6343110717796008 145
1586631473058 2.6333300527324486 146
1586631473058 2.6330077852879437 147
1586631473058 2.632606601376142 148
1586631473074 2.6321077981196233 149
1586631473074 2.6319023839572173 150
1586631473074 2.6316721010793365 151
1586631473074 2.6316512410469683 152
1586631473074 2.6314000216220705 153
1586631473090 2.6313122295981617 154
1586631473090 2.6311242354565865 155
1586631473090 2.6298850241975105 156
1586631473090 2.6297780701558677 157
1586631473105 2.6296335081693107 158
1586631473105 2.629149940714814 159
1586631473105 2.6287418358130914 160
1586631473105 2.627782450338855 161
1586631473105 2.6276148316633225 162
1586631473121 2.627353739770089 163
1586631473121 2.6269935413354015 164
1586631473121 2.6266010771359687 165
1586631473121 2.6263165452709334 166
1586631473137 2.6259998979906087 167
1586631473137 2.625580322167855 168
1586631473137 2.625449262951474 169
1586631473137 2.6253987343639666 170
1586631473152 2.625375913978823 171
1586631473152 2.6251680572928753 172
1586631473152 2.6249905488272685 173
1586631473152 2.6244024289024073 174
1586631473152 2.6244112610252883 175
1586631473168 2.62415205749225 176
1586631473168 2.6235035827892674 177
1586631473168 2.62333532137818 178
1586631473168 2.6210508397114127 179
1586631473168 2.6209697792832785 180
1586631473183 2.6208956108261376 181
1586631473183 2.6205847184672715 182
1586631473183 2.619420276472655 183
1586631473183 2.619333273594619 184
1586631473199 2.6190324218376926 185
1586631473199 2.6189147943057787 186
1586631473199 2.6188081892086763 187
1586631473199 2.6185960420507106 188
1586631473199 2.618432918645379 189
1586631473215 2.6181568803528084 190
1586631473215 2.6180168526962655 191
1586631473215 2.617891422863165 192
1586631473215 2.6176636393897383 193
1586631473230 2.617167757547829 194
1586631473230 2.6168015544936782 195
1586631473230 2.616759848682123 196
1586631473230 2.6165962681118557 197
1586631473230 2.6153577511218136 198
1586631473246 2.6152552441255925 199
1586631473246 2.6148475936936917 200
1586631473246 2.6147689213242686 201
1586631473246 2.6140192217464424 202
1586631473246 2.6099213279594657 203
1586631473262 2.608919199015538 204
1586631473262 2.6087211924255285 205
1586631473262 2.6083733586741276 206
1586631473262 2.6074049305113944 207
1586631473262 2.6073865005315056 208
1586631473277 2.607210042168457 209
1586631473277 2.606538147360537 210
1586631473277 2.606541564456604 211
1586631473277 2.6063761867213273 212
1586631473277 2.60630221230415 213
1586631473293 2.606114139381972 214
1586631473293 2.605822066742133 215
1586631473293 2.6051519961941842 216
