1586623703076 4.291577642094956 0
1586623703076 4.249622396635413 1
1586623703076 4.209506598879221 2
1586623703091 4.1703492354556495 3
1586623703091 4.131619096335503 4
1586623703091 4.093286362811986 5
1586623703107 4.053968706686634 6
1586623703107 4.014575697944008 7
1586623703107 3.974143727999424 8
1586623703123 3.933268471634239 9
1586623703123 3.891596558246296 10
1586623703123 3.8492532286629486 11
1586623703141 3.8058724260917587 12
1586623703141 3.7615761052491017 13
1586623703141 3.7168131924942798 14
1586623703156 3.6721814134371917 15
1586623703156 3.6274677633271573 16
1586623703156 3.582457483239081 17
1586623703156 3.537500776637824 18
1586623703172 3.4935357362134902 19
1586623703172 3.4501280904442826 20
1586623703172 3.4074860374101807 21
1586623703172 3.3663239594787018 22
1586623703188 3.327721175556949 23
1586623703188 3.2886190851664643 24
1586623703188 3.2507307994637973 25
1586623703188 3.215194721452086 26
1586623703203 3.181290058000497 27
1586623703203 3.1498191820546393 28
1586623703203 3.1181036334233205 29
1586623703203 3.08862982714298 30
1586623703219 3.0618069900071916 31
1586623703219 3.038691483830682 32
1586623703219 3.013462023934426 33
1586623703219 2.990992091550316 34
1586623703219 2.9701393662072118 35
1586623703235 2.9486746829975305 36
1586623703235 2.93074336095802 37
1586623703235 2.9149632504179808 38
1586623703235 2.8983932957054526 39
1586623703250 2.8878863980641714 40
1586623703250 2.8735127951221173 41
1586623703250 2.860397826023357 42
1586623703250 2.848002396480225 43
1586623703266 2.836486725366068 44
1586623703266 2.8267115621543986 45
1586623703266 2.8177481947267817 46
1586623703266 2.811811544423125 47
1586623703281 2.8030421391063762 48
1586623703281 2.794472595832471 49
1586623703281 2.78732435168839 50
1586623703281 2.779952917730226 51
1586623703281 2.7763035945920014 52
1586623703297 2.771555891035268 53
1586623703297 2.769269996353279 54
1586623703297 2.763941616312588 55
1586623703297 2.761477400723118 56
1586623703313 2.759361441123298 57
1586623703313 2.7563950052165356 58
1586623703313 2.7534684676446175 59
1586623703313 2.7509816740113737 60
1586623703328 2.7482211189723667 61
1586623703328 2.7451899478432042 62
1586623703328 2.7406868677043907 63
1586623703328 2.738376248777528 64
1586623703344 2.736355300598756 65
1586623703344 2.7340177486918753 66
1586623703344 2.730322849639151 67
1586623703344 2.727487226825457 68
1586623703344 2.726375389098422 69
1586623703360 2.7247706033768906 70
1586623703360 2.72321223315206 71
1586623703360 2.720478651868749 72
1586623703375 2.717859324436783 73
1586623703375 2.7159541234204703 74
1586623703375 2.7147201194067234 75
1586623703391 2.7114299490508205 76
1586623703391 2.7101652916888805 77
1586623703391 2.7081350931513284 78
1586623703391 2.704525277293919 79
1586623703406 2.7040616641937727 80
1586623703406 2.7027001714771504 81
1586623703406 2.7011853767238994 82
1586623703406 2.700305821209711 83
1586623703406 2.699862729361307 84
1586623703422 2.6991001682048528 85
1586623703422 2.6984153960988366 86
1586623703422 2.695967378837252 87
1586623703422 2.695240883312862 88
1586623703438 2.6925943120579032 89
1586623703438 2.6918316863749614 90
1586623703438 2.68984838562799 91
1586623703438 2.6871186267876923 92
1586623703438 2.685671668022291 93
1586623703453 2.6835297403229212 94
1586623703453 2.682241694409381 95
1586623703453 2.681949407761344 96
1586623703453 2.6813705522473787 97
1586623703453 2.6797069045275665 98
1586623703469 2.678572118216842 99
1586623703469 2.677964557715966 100
1586623703469 2.6768188231878995 101
1586623703469 2.6748537497902056 102
1586623703485 2.6745422960483785 103
1586623703485 2.6741287821644213 104
1586623703485 2.672389759919015 105
1586623703500 2.671985395755551 106
1586623703500 2.6709663746297854 107
1586623703500 2.67061092812082 108
1586623703500 2.670217015431022 109
1586623703516 2.6677169038728077 110
1586623703516 2.6668897917283276 111
1586623703516 2.6666189776770914 112
1586623703531 2.666329707387491 113
1586623703531 2.6661884620483187 114
1586623703531 2.6654685266599385 115
1586623703531 2.6652176328613044 116
1586623703547 2.6649041949243135 117
1586623703547 2.6627901781865315 118
1586623703547 2.662094005767787 119
1586623703547 2.661943733940595 120
1586623703547 2.6596413869997035 121
1586623703563 2.659509679554576 122
1586623703563 2.6591459405443585 123
1586623703563 2.6579322785679853 124
1586623703563 2.6570529517373966 125
1586623703563 2.656685569378711 126
1586623703578 2.6555583093500204 127
1586623703578 2.6553021753540103 128
1586623703578 2.655053115189311 129
1586623703578 2.6548703190732654 130
1586623703594 2.654105892038796 131
1586623703594 2.653815937814905 132
1586623703594 2.6534782867269 133
1586623703594 2.6533037680480644 134
1586623703594 2.65214195233562 135
1586623703610 2.650801927369394 136
1586623703610 2.6503593083714874 137
1586623703610 2.650202594539287 138
1586623703610 2.650041049106635 139
1586623703610 2.6494275458497856 140
1586623703625 2.6491792051580267 141
1586623703625 2.6489822760835704 142
1586623703625 2.648299802871533 143
1586623703625 2.6452358607249593 144
1586623703625 2.6436323971324867 145
1586623703641 2.642511835447804 146
1586623703641 2.642368456653485 147
1586623703641 2.6419968789594743 148
1586623703641 2.639548060022063 149
1586623703656 2.6395363858090457 150
1586623703656 2.6393145386413575 151
1586623703656 2.6384770723253204 152
1586623703656 2.6381503483020423 153
1586623703656 2.637216563227787 154
1586623703672 2.636721496682268 155
1586623703672 2.636083243108956 156
1586623703672 2.6359832720800958 157
1586623703672 2.6358012661041132 158
1586623703672 2.635742090932727 159
1586623703688 2.6354664279346385 160
1586623703688 2.635213740316071 161
1586623703688 2.6350458960125875 162
1586623703688 2.635020248593338 163
1586623703688 2.634378169714819 164
1586623703703 2.634164684608365 165
1586623703703 2.633816245087743 166
1586623703703 2.633352640058619 167
1586623703703 2.6329363051709893 168
1586623703703 2.632627938221835 169
1586623703719 2.6324951156245584 170
1586623703719 2.6324188764830545 171
1586623703719 2.6316479789730636 172
1586623703719 2.626830286042473 173
1586623703719 2.626702418825616 174
1586623703735 2.62668671548055 175
1586623703735 2.6266398064049308 176
1586623703735 2.6265533257848364 177
1586623703735 2.6262599814128165 178
1586623703735 2.626204061074586 179
1586623703750 2.6261326945993075 180
1586623703750 2.6260819887715225 181
1586623703750 2.6259755962049067 182
1586623703750 2.625645745794745 183
1586623703750 2.625625080412448 184
1586623703766 2.6253350390368095 185
1586623703766 2.6252932272038865 186
1586623703766 2.625138547253928 187
1586623703766 2.6249167639986797 188
1586623703766 2.6247337378384192 189
1586623703781 2.6243124231880803 190
1586623703781 2.624196934512844 191
1586623703781 2.6240605613480743 192
1586623703781 2.6203599810384226 193
1586623703781 2.619326773175388 194
1586623703797 2.6192132295653288 195
1586623703797 2.61918472591924 196
1586623703797 2.6184422117765456 197
1586623703797 2.6181998085826845 198
1586623703797 2.6178761617898365 199
1586623703813 2.6178448254665687 200
1586623703813 2.617729770200631 201
1586623703813 2.6171855722371533 202
1586623703813 2.617033053354405 203
1586623703813 2.616438669949772 204
1586623703828 2.616436256689669 205
1586623703828 2.6146465222095854 206
1586623703828 2.614458381869594 207
