1586628905629 4.306250892997668 0
1586628905645 4.277605609498393 1
1586628905645 4.250071352877663 2
1586628905645 4.223320860777535 3
1586628905661 4.1970888992277615 4
1586628905661 4.171552145895197 5
1586628905661 4.145823816599923 6
1586628905676 4.1203893696437675 7
1586628905676 4.094659478417907 8
1586628905676 4.0689776490652125 9
1586628905692 4.043074823531225 10
1586628905692 4.016924636940106 11
1586628905692 3.9902343408826617 12
1586628905707 3.9631116798614023 13
1586628905707 3.935694574851393 14
1586628905723 3.907986205467445 15
1586628905723 3.880129763389404 16
1586628905723 3.851603933026433 17
1586628905723 3.82277631168576 18
1586628905739 3.7938388885649177 19
1586628905739 3.7644701256815316 20
1586628905739 3.7350784098573313 21
1586628905739 3.7053243502064084 22
1586628905754 3.675829875850134 23
1586628905754 3.645851580249163 24
1586628905754 3.616050947951393 25
1586628905754 3.5862424318415824 26
1586628905770 3.5568422880391592 27
1586628905770 3.5272159597324 28
1586628905770 3.4975735997184447 29
1586628905785 3.468467904171656 30
1586628905785 3.439815706825363 31
1586628905785 3.4116002315314233 32
1586628905785 3.384023122566307 33
1586628905801 3.356854389348098 34
1586628905801 3.3297679030084018 35
1586628905801 3.3034828604678994 36
1586628905801 3.2777006758965173 37
1586628905817 3.2537093139597286 38
1586628905817 3.229442468897837 39
1586628905817 3.205986554919528 40
1586628905817 3.1841501868986857 41
1586628905832 3.161383378785919 42
1586628905832 3.139872217738955 43
1586628905832 3.1186169267030643 44
1586628905832 3.098067351310239 45
1586628905849 3.0783107777163226 46
1586628905849 3.060560922707355 47
1586628905849 3.0417664435928553 48
1586628905849 3.024140112268899 49
1586628905865 3.0090591996581253 50
1586628905865 2.9939933591145853 51
1586628905865 2.979969997973696 52
1586628905865 2.965536515283947 53
1586628905880 2.9533981858598457 54
1586628905880 2.9407558917094074 55
1586628905880 2.928377647882933 56
1586628905880 2.917323703866553 57
1586628905896 2.9079788390180523 58
1586628905896 2.8977707414313976 59
1586628905896 2.888821562266482 60
1586628905896 2.880744418894383 61
1586628905912 2.8745487020213485 62
1586628905912 2.8662354824036744 63
1586628905912 2.857611081399366 64
1586628905912 2.8501546787081082 65
1586628905927 2.8425616236274682 66
1586628905927 2.8373383606799756 67
1586628905927 2.8300862666855493 68
1586628905927 2.824599889618147 69
1586628905943 2.818513345260584 70
1586628905943 2.813220167787515 71
1586628905943 2.8082309365883513 72
1586628905943 2.8025652126917993 73
1586628905959 2.798478340300454 74
1586628905959 2.793059705443889 75
1586628905959 2.7879752366002606 76
1586628905959 2.7845947340846866 77
1586628905974 2.7826943130704613 78
1586628905974 2.779218198680438 79
1586628905974 2.777645658500061 80
1586628905974 2.775667954189362 81
1586628905990 2.7712374381030958 82
1586628905990 2.769408547311829 83
1586628905990 2.764934203204704 84
1586628905990 2.7632982981791754 85
1586628905990 2.7592607495477846 86
1586628906005 2.7572179405947033 87
1586628906005 2.7544568667606333 88
1586628906005 2.750469155511354 89
1586628906005 2.7490871968564816 90
1586628906021 2.7474759435328897 91
1586628906021 2.744627182407108 92
1586628906021 2.7416149542574972 93
1586628906021 2.73926781105121 94
1586628906037 2.73564676600479 95
1586628906037 2.733839346295933 96
1586628906037 2.7316707181015607 97
1586628906037 2.728625733206121 98
1586628906052 2.7266358414160843 99
1586628906052 2.7247967584336057 100
1586628906052 2.724095873396596 101
1586628906052 2.7215323656247987 102
1586628906068 2.719519449814855 103
1586628906068 2.717401027555526 104
1586628906068 2.7161126640989233 105
1586628906083 2.7152787476027176 106
1586628906083 2.7142747999625207 107
1586628906083 2.7129981152956137 108
1586628906083 2.711533145494671 109
1586628906099 2.70878077684494 110
1586628906099 2.7072290863258375 111
1586628906099 2.706095305749547 112
1586628906099 2.705839032805105 113
1586628906099 2.7044522390237997 114
1586628906115 2.7032487020752 115
1586628906115 2.702903587334531 116
1586628906115 2.7021331014398804 117
1586628906115 2.7015514830775684 118
1586628906130 2.701159493474427 119
1586628906130 2.7006020104142947 120
1586628906130 2.699773868697471 121
1586628906130 2.699079682129229 122
1586628906146 2.698652151111749 123
1586628906146 2.6971183847615494 124
1586628906146 2.6965436630357145 125
1586628906146 2.6961151374164976 126
1586628906162 2.69459382260576 127
1586628906162 2.6942617239587703 128
1586628906162 2.693272306165041 129
1586628906162 2.6929034493990587 130
1586628906162 2.692470474797562 131
1586628906177 2.6914232402962988 132
1586628906177 2.6911246232933905 133
1586628906177 2.6895450466850517 134
1586628906177 2.6887831196729493 135
1586628906193 2.6871654306266244 136
1586628906193 2.68613692633449 137
1586628906193 2.683805799063692 138
1586628906193 2.6835101458953132 139
1586628906208 2.6822044798561993 140
1586628906208 2.6813673184435127 141
1586628906208 2.6803860317280623 142
1586628906208 2.68001972807608 143
1586628906208 2.6793088285499365 144
1586628906224 2.6788667149900363 145
1586628906224 2.6771440795960673 146
1586628906224 2.6762559696877393 147
1586628906224 2.675923094816561 148
1586628906240 2.675234896385337 149
1586628906240 2.67430245463391 150
1586628906240 2.67246201771202 151
1586628906240 2.671619011212042 152
1586628906255 2.6714280588653327 153
1586628906255 2.671177238627471 154
1586628906255 2.6705920975251507 155
1586628906255 2.670295879328934 156
1586628906255 2.670053760516289 157
1586628906271 2.6694419503640585 158
1586628906271 2.668957690420156 159
1586628906271 2.668166676739768 160
1586628906271 2.667701724491083 161
1586628906287 2.667459006211909 162
1586628906287 2.6670714980349626 163
1586628906287 2.665107089701321 164
1586628906287 2.664858280079982 165
1586628906287 2.6645683111449623 166
1586628906302 2.6639959127422435 167
1586628906302 2.6637555829763513 168
1586628906302 2.663008151127092 169
1586628906302 2.6624799889475854 170
1586628906318 2.661742178333435 171
1586628906318 2.6615901371018142 172
1586628906318 2.6605458240728783 173
1586628906318 2.66021006141997 174
1586628906318 2.6600330675607613 175
1586628906333 2.6595753722069357 176
1586628906333 2.6591532520882897 177
1586628906333 2.658973509873061 178
1586628906333 2.657053919521977 179
1586628906333 2.65689489146735 180
1586628906349 2.656399418990848 181
1586628906349 2.6562895984022754 182
1586628906349 2.6561421584646245 183
1586628906349 2.6551687557308288 184
1586628906365 2.6546778025977678 185
1586628906365 2.65459655296141 186
1586628906365 2.6544270831606465 187
1586628906365 2.6538320274219322 188
1586628906365 2.6532924252923036 189
1586628906380 2.653012160443593 190
1586628906380 2.65249278204968 191
1586628906380 2.6522858129816758 192
1586628906380 2.6518615314917446 193
1586628906380 2.6517232728881592 194
1586628906396 2.651466213827898 195
1586628906396 2.651241895189508 196
1586628906396 2.650734461068616 197
1586628906396 2.649994604193989 198
1586628906412 2.648441698971898 199
1586628906412 2.648083473327531 200
1586628906412 2.6474389261439852 201
1586628906412 2.647270733495234 202
1586628906412 2.6452130381676295 203
1586628906427 2.642288909871232 204
1586628906427 2.64185189494187 205
1586628906427 2.641587147257993 206
1586628906427 2.641529721488145 207
1586628906427 2.6409762988596404 208
1586628906445 2.6403682079594173 209
1586628906445 2.639566629555191 210
1586628906445 2.6393992458589084 211
1586628906445 2.639073265299368 212
1586628906445 2.638941781471967 213
1586628906461 2.63876393487894 214
1586628906461 2.6385577405459584 215
1586628906461 2.6384444260719184 216
1586628906461 2.6376435969304586 217
1586628906461 2.637532175561569 218
1586628906476 2.6371897148618793 219
1586628906476 2.6367378770504097 220
1586628906476 2.636077202778529 221
1586628906476 2.6359736497694577 222
1586628906476 2.635423584002332 223
1586628906492 2.634712408538492 224
1586628906492 2.634569649245847 225
1586628906492 2.6345169375858575 226
1586628906492 2.632490234484061 227
1586628906508 2.631251856877454 228
1586628906508 2.6308513891925553 229
1586628906508 2.6306007773999904 230
1586628906508 2.6305179322262533 231
1586628906508 2.630397004049968 232
1586628906523 2.629678854810509 233
1586628906523 2.62955560470612 234
1586628906523 2.62942921373511 235
1586628906523 2.6292510835387053 236
1586628906523 2.6287814483513414 237
1586628906539 2.6287187032577686 238
1586628906539 2.628201736343071 239
1586628906539 2.628118115765679 240
1586628906539 2.62746707954425 241
1586628906539 2.627270337670828 242
1586628906555 2.6269164832651732 243
1586628906555 2.626537942976628 244
1586628906555 2.626398609373981 245
1586628906555 2.6263004203161886 246
1586628906555 2.626236053014505 247
1586628906570 2.6249739474145026 248
1586628906570 2.6247363471464666 249
1586628906570 2.6243375839577343 250
1586628906570 2.624220144980459 251
1586628906570 2.623716130981207 252
1586628906586 2.6236131440531003 253
1586628906586 2.623560033072987 254
1586628906586 2.623378389913817 255
1586628906586 2.623252617280703 256
1586628906586 2.623134943353777 257
1586628906601 2.623035301460243 258
1586628906601 2.622932924216754 259
1586628906601 2.622896687635969 260
1586628906601 2.6227450128270644 261
1586628906601 2.6224764171131327 262
1586628906617 2.622224694818568 263
1586628906617 2.6220382469815755 264
1586628906617 2.622007896340766 265
1586628906617 2.621966976100818 266
1586628906617 2.621702136432854 267
1586628906633 2.6216705820165482 268
1586628906633 2.621637658621005 269
1586628906633 2.6210536145042598 270
1586628906633 2.6207859073788535 271
