1586637833685 4.364603053266765 0
1586637833685 4.263153118467281 1
1586637833703 4.165965046480444 2
1586637833703 4.076833605203951 3
1586637833703 3.9919677939526403 4
1586637833718 3.915731534435943 5
1586637833718 3.8418853722795325 6
1586637833734 3.769318926325523 7
1586637833734 3.7023781753355993 8
1586637833734 3.6392238882665526 9
1586637833750 3.580927211161162 10
1586637833750 3.525087556632062 11
1586637833750 3.4736423962026093 12
1586637833765 3.4251939463012024 13
1586637833765 3.377314630316645 14
1586637833765 3.332705894853703 15
1586637833781 3.2908019913662647 16
1586637833781 3.251168601946452 17
1586637833781 3.2151035995726014 18
1586637833781 3.1821292482843746 19
1586637833797 3.1506407601974895 20
1586637833797 3.1218859202549267 21
1586637833797 3.092932508025537 22
1586637833812 3.068436181162886 23
1586637833812 3.0444792536501715 24
1586637833812 3.020542524649613 25
1586637833828 2.998002457064337 26
1586637833828 2.9769402661310367 27
1586637833828 2.958907559979238 28
1586637833828 2.940951234216889 29
1586637833843 2.9250648127281895 30
1586637833843 2.909294758435309 31
1586637833843 2.8972564409963475 32
1586637833843 2.8841073646420554 33
1586637833859 2.873077322201334 34
1586637833859 2.8606641577928213 35
1586637833859 2.849151396572962 36
1586637833875 2.840017337830407 37
1586637833875 2.8324371183470225 38
1586637833875 2.8248742915369958 39
1586637833890 2.8173997950683516 40
1586637833890 2.8087030692991624 41
1586637833890 2.7994627773223018 42
1586637833890 2.7937666034808073 43
1586637833906 2.786616464652683 44
1586637833907 2.781488048378232 45
1586637833907 2.7770886149074943 46
1586637833907 2.771465019300004 47
1586637833923 2.767589915898616 48
1586637833923 2.764090712760217 49
1586637833923 2.761646903906317 50
1586637833938 2.758357647136199 51
1586637833938 2.7529183967128854 52
1586637833938 2.750020545347851 53
1586637833938 2.7482537673863887 54
1586637833954 2.7449593652421633 55
1586637833954 2.743242701616607 56
1586637833954 2.7407643555898993 57
1586637833954 2.73690918070011 58
1586637833970 2.7356147640435218 59
1586637833970 2.7336269747222652 60
1586637833970 2.731557322839205 61
1586637833970 2.7287746431901354 62
1586637833985 2.7270668989148663 63
1586637833985 2.725246429988558 64
1586637833985 2.723536050527501 65
1586637833985 2.7216624290863227 66
1586637834001 2.720819839828535 67
1586637834001 2.7190388066963163 68
1586637834001 2.718391250854777 69
1586637834001 2.7155769572171624 70
1586637834017 2.713200307735594 71
1586637834017 2.709458789318082 72
1586637834017 2.7088843762705554 73
1586637834032 2.708206225844272 74
1586637834032 2.707631630724893 75
1586637834032 2.7070366782262063 76
1586637834032 2.7064768110158046 77
1586637834048 2.704326202098882 78
1586637834048 2.7034632750461465 79
1586637834048 2.702954456103886 80
1586637834048 2.70251460356059 81
1586637834063 2.7021776555435983 82
1586637834063 2.7018250538314073 83
1586637834063 2.7004071143199644 84
1586637834063 2.697990716062032 85
1586637834079 2.6961595366417086 86
1586637834079 2.6959051776358685 87
1586637834079 2.6954743636179397 88
1586637834079 2.6950970581608926 89
1586637834095 2.693474246960535 90
1586637834095 2.6932275347076993 91
1586637834095 2.691681330827708 92
1586637834095 2.6906827288454647 93
1586637834110 2.6899423989851994 94
1586637834110 2.688352151020609 95
1586637834110 2.6872817281206225 96
1586637834110 2.686915632737955 97
1586637834126 2.684249011011101 98
1586637834126 2.6829083125254543 99
1586637834126 2.6826456371694296 100
1586637834126 2.6816605991058244 101
1586637834141 2.6789624637444756 102
1586637834141 2.6786382502552883 103
1586637834141 2.6783378213623728 104
1586637834141 2.678024167751961 105
1586637834157 2.6775955789003065 106
1586637834157 2.675868689560268 107
1586637834157 2.6753271321063608 108
1586637834157 2.6748706583262196 109
1586637834157 2.6737471826629764 110
1586637834173 2.672816351662492 111
1586637834173 2.6725604145600226 112
1586637834173 2.670574993403313 113
1586637834173 2.6703067968594376 114
1586637834188 2.6693677740934936 115
1586637834188 2.6689681847712787 116
1586637834188 2.668612412277825 117
1586637834188 2.668298719221033 118
1586637834188 2.6680200063420694 119
1586637834204 2.6674752903939485 120
1586637834204 2.66693695669161 121
1586637834204 2.6666957923111356 122
1586637834204 2.666429183616067 123
1586637834220 2.6661421843005 124
1586637834220 2.6657827889711334 125
1586637834220 2.6653510185374607 126
1586637834220 2.6650568576825613 127
1586637834220 2.6648076071806903 128
1586637834235 2.664503225130764 129
1586637834235 2.6642398036452763 130
1586637834235 2.6638963866444083 131
1586637834235 2.662813256215245 132
1586637834235 2.6619081622642664 133
1586637834251 2.6606450535476607 134
1586637834251 2.6598193632749156 135
1586637834251 2.6589176840073527 136
1586637834251 2.658090761965204 137
1586637834251 2.6572010171227367 138
1586637834266 2.65675232024923 139
1586637834266 2.6564829383437196 140
1586637834266 2.6560827570585124 141
1586637834266 2.6548147038941363 142
1586637834266 2.6545903235378185 143
1586637834282 2.653580592097113 144
1586637834282 2.6526191450049246 145
1586637834282 2.6520911542519197 146
1586637834282 2.651970907515106 147
1586637834282 2.6515617788255863 148
1586637834298 2.651236532793633 149
1586637834298 2.650854992915491 150
1586637834298 2.6499218793736583 151
1586637834298 2.6492864068370934 152
1586637834313 2.6490989032280785 153
1586637834313 2.6487990263297667 154
1586637834313 2.6481680781611683 155
1586637834313 2.6479263044140935 156
1586637834313 2.6477713780117336 157
1586637834329 2.6472048608574115 158
1586637834329 2.6461992279325814 159
1586637834329 2.6455939152678454 160
1586637834329 2.6454148600485023 161
1586637834329 2.6448328549601365 162
1586637834345 2.6445394258410486 163
1586637834345 2.6435635034233127 164
1586637834345 2.6430763651237252 165
1586637834345 2.6428273882808875 166
1586637834345 2.6422835697653975 167
1586637834360 2.6420785001482594 168
1586637834360 2.6415414865627223 169
1586637834360 2.641145895475122 170
1586637834360 2.6409767217769757 171
1586637834360 2.639959539622322 172
1586637834376 2.6397196026085985 173
1586637834376 2.6391164911915546 174
1586637834376 2.639001875713509 175
1586637834376 2.6388330280436065 176
1586637834376 2.6380821956289813 177
1586637834391 2.63687168811786 178
1586637834391 2.6363880745229022 179
1586637834391 2.635201768984126 180
1586637834391 2.634736446057801 181
1586637834391 2.634484008568922 182
1586637834407 2.633271246870244 183
1586637834407 2.6329358485390664 184
1586637834418 2.6324926206069965 185
1586637834420 2.632267404492531 186
1586637834420 2.631230806107263 187
1586637834420 2.630508712636314 188
1586637834420 2.629601784597165 189
1586637834420 2.6294396816536008 190
1586637834436 2.6292554879189494 191
1586637834436 2.6290161369135636 192
1586637834436 2.628795450056521 193
1586637834436 2.6285903250518183 194
1586637834436 2.6277695041989184 195
1586637834452 2.626790939171047 196
1586637834452 2.6251266024432223 197
1586637834452 2.6234734159249333 198
1586637834452 2.623197499931709 199
1586637834452 2.6229728685734486 200
1586637834467 2.6228519941077275 201
1586637834467 2.6225865866602858 202
1586637834467 2.622310164279729 203
1586637834467 2.6221057980713827 204
1586637834467 2.62179129870571 205
1586637834483 2.6205696880359315 206
1586637834483 2.6201586206802703 207
1586637834483 2.6200319260670093 208
1586637834483 2.6198333019663065 209
1586637834483 2.6185178311540103 210
1586637834498 2.6183689003410664 211
1586637834498 2.6181314463558865 212
1586637834498 2.6174712443036285 213
1586637834498 2.6167313535381163 214
1586637834498 2.6163992140524526 215
1586637834514 2.6158464307263802 216
1586637834514 2.6156895555321005 217
1586637834514 2.614917999811404 218
1586637834514 2.6147673983868063 219
1586637834514 2.6138584492459827 220
1586637834530 2.6128868458848653 221
1586637834530 2.612725522591471 222
1586637834530 2.6126545126321505 223
1586637834530 2.6123872712101197 224
1586637834530 2.612210418098147 225
1586637834545 2.6106274310029125 226
1586637834545 2.6098410566530035 227
1586637834545 2.6091659446964566 228
1586637834545 2.6086990504682412 229
1586637834545 2.6077178895493436 230
1586637834561 2.6074599988942224 231
1586637834561 2.6073819305465893 232
1586637834561 2.606801702919158 233
1586637834561 2.6062350990336602 234
1586637834561 2.606023642542252 235
1586637834561 2.6056867299258104 236
1586637834577 2.6055520964310945 237
1586637834577 2.6054329187117817 238
1586637834577 2.6045978957292992 239
1586637834577 2.604265762066048 240
1586637834577 2.6036804592363207 241
1586637834592 2.603568468339305 242
1586637834592 2.60341886284072 243
1586637834592 2.602683917244719 244
1586637834592 2.6024444203179007 245
1586637834592 2.601935165011029 246
1586637834608 2.601387918090807 247
1586637834608 2.601323983317511 248
1586637834608 2.5998048446100106 249
1586637834608 2.5997346281444216 250
1586637834608 2.5995564482576308 251
1586637834625 2.598196234751394 252
1586637834625 2.597948316707822 253
1586637834625 2.597717533531888 254
1586637834625 2.596949761478035 255
1586637834625 2.5967895912346606 256
1586637834640 2.596641642120094 257
1586637834640 2.5957699318129057 258
1586637834640 2.5957386908214173 259
1586637834640 2.595599439166392 260
1586637834640 2.595270177163309 261
1586637834656 2.594979907660608 262
1586637834656 2.594792600611937 263
1586637834656 2.5945252624797814 264
1586637834656 2.5940487627282653 265
1586637834656 2.592504054464104 266
1586637834672 2.5923356811646467 267
1586637834672 2.5916730118503333 268
1586637834672 2.5914503364773833 269
1586637834672 2.591043998549624 270
1586637834672 2.5903107538966816 271
1586637834687 2.589235627736128 272
1586637834687 2.5891743774986726 273
1586637834687 2.5879784381660547 274
1586637834687 2.5878358834712474 275
1586637834687 2.5875143777028424 276
1586637834687 2.5873490577491123 277
1586637834703 2.586759177013062 278
1586637834703 2.5865430715327378 279
1586637834703 2.5853338551727183 280
1586637834703 2.5852476951760535 281
1586637834703 2.5850407256439567 282
1586637834718 2.5849931998449853 283
1586637834718 2.584744169307813 284
1586637834718 2.584097540524094 285
1586637834718 2.583969727538781 286
1586637834718 2.5832115095577555 287
1586637834718 2.582910122827515 288
1586637834734 2.582867873386937 289
1586637834734 2.582820300640777 290
1586637834734 2.582015929615241 291
1586637834734 2.5817253645552043 292
1586637834734 2.5812266261500314 293
1586637834750 2.579893518378048 294
1586637834750 2.579732098019264 295
1586637834750 2.579684470188546 296
1586637834750 2.579525192040806 297
1586637834750 2.578815282638608 298
1586637834750 2.5776715430087944 299
1586637834766 2.5774338261776397 300
1586637834768 2.5772754718249473 301
1586637834768 2.577135954924173 302
1586637834768 2.577025822309466 303
1586637834768 2.5768753233150434 304
1586637834768 2.5758957142488637 305
1586637834783 2.575852149912145 306
1586637834783 2.5756635868580435 307
1586637834783 2.5752207715709186 308
1586637834783 2.575006920907082 309
1586637834783 2.574686021611194 310
1586637834799 2.574585148514736 311
1586637834799 2.574047847027444 312
1586637834799 2.5739087934158347 313
1586637834799 2.5737728725532754 314
1586637834799 2.573516777313153 315
1586637834799 2.5732528185344505 316
1586637834814 2.5732176222022938 317
1586637834814 2.572945463916727 318
1586637834814 2.5727279848925164 319
1586637834814 2.5723751944152387 320
1586637834814 2.5721900897148737 321
1586637834830 2.5720408097902174 322
1586637834830 2.5719613330157873 323
1586637834830 2.5715944057418816 324
1586637834830 2.570229535783716 325
1586637834830 2.5700662743273113 326
1586637834830 2.5688938773550496 327
1586637834846 2.568714010242384 328
1586637834846 2.5684327610934545 329
1586637834846 2.568384576324661 330
1586637834846 2.568307275728594 331
1586637834846 2.5673987573168087 332
1586637834861 2.566790240851346 333
1586637834861 2.5666196584549046 334
1586637834861 2.5665858617120207 335
1586637834861 2.566479053167349 336
1586637834861 2.565876496395993 337
1586637834861 2.5654881636574824 338
1586637834877 2.564340935339941 339
1586637834877 2.5641471489617995 340
1586637834877 2.5640163459371137 341
1586637834877 2.563331694106073 342
1586637834877 2.5632963238672337 343
1586637834877 2.563134613094576 344
1586637834893 2.5628543632628196 345
1586637834893 2.5627237316111082 346
1586637834893 2.5625281294888045 347
1586637834893 2.5622040182791586 348
1586637834893 2.562025620986357 349
1586637834908 2.561838506427855 350
1586637834908 2.5614885075509775 351
1586637834908 2.561359673817954 352
1586637834908 2.560714056654364 353
1586637834908 2.5605336644632732 354
1586637834908 2.56039307871156 355
1586637834924 2.5603651596770463 356
1586637834924 2.560338595955721 357
1586637834924 2.5598016950168963 358
1586637834924 2.559671003626538 359
1586637834924 2.5593816416294044 360
1586637834939 2.559287046217414 361
1586637834939 2.5588410469408807 362
1586637834939 2.5586819620344516 363
1586637834939 2.5586115899922985 364
1586637834939 2.558451115498243 365
1586637834939 2.5584398660725483 366
1586637834955 2.557541238359264 367
1586637834955 2.5573941180639226 368
1586637834955 2.557320554937551 369
1586637834955 2.557105692005089 370
1586637834955 2.5570336555580124 371
1586637834971 2.5569855945403703 372
1586637834972 2.5564343022803127 373
1586637834972 2.5557893913930165 374
1586637834972 2.555606880614686 375
1586637834972 2.555061064332534 376
1586637834972 2.554966244080094 377
1586637834987 2.554611655656111 378
1586637834987 2.5545036282811946 379
1586637834987 2.5544684979874246 380
1586637834987 2.554342253525223 381
1586637834987 2.554029373426795 382
1586637835003 2.5539248632597475 383
