1586638634935 4.291583643677573 0
1586638634950 4.2496237348149295 1
1586638634956 4.209521215806703 2
1586638634956 4.170394793373842 3
1586638634972 4.131657556540145 4
1586638634972 4.093324456445474 5
1586638634972 4.0540670652212 6
1586638634987 4.014646196905799 7
1586638634987 3.974156808097555 8
1586638634987 3.9332710682725285 9
1586638635003 3.8916832101720544 10
1586638635003 3.8492008599958707 11
1586638635019 3.8057752434908383 12
1586638635019 3.7615376475162012 13
1586638635019 3.7167539968966468 14
1586638635019 3.6718783980983267 15
1586638635034 3.627121761559142 16
1586638635034 3.582064606032671 17
1586638635034 3.5372625554188817 18
1586638635050 3.4928766045528805 19
1586638635050 3.4488060349944387 20
1586638635411 3.405741480024405 21
1586638635426 3.3640820525971784 22
1586638635426 3.3236196453916604 23
1586638635426 3.2845632134408365 24
1586638635426 3.246193823339331 25
1586638635442 3.2096363841507074 26
1586638635442 3.1750954646653455 27
1586638635442 3.144171733135571 28
1586638635442 3.114217004521835 29
1586638635442 3.0838002919716603 30
1586638635457 3.0550533292155184 31
1586638635457 3.0302076670002216 32
1586638635457 3.005195934342689 33
1586638635457 2.9826201652806312 34
1586638635457 2.961855649759052 35
1586638635473 2.9428973084071908 36
1586638635473 2.925377403556737 37
1586638635473 2.910424717591704 38
1586638635473 2.8947006252823515 39
1586638635473 2.8842862763657724 40
1586638635489 2.8701983896628493 41
1586638635489 2.855344278553021 42
1586638635489 2.8439250420370157 43
1586638635489 2.8333556776684996 44
1586638635489 2.8266029999279416 45
1586638635489 2.8180492771814514 46
1586638635504 2.8115709245828078 47
1586638635504 2.8038672189289007 48
1586638635504 2.795773074696748 49
1586638635504 2.792750862372185 50
1586638635504 2.785288603269453 51
1586638635520 2.7798455046937995 52
1586638635520 2.774527785168847 53
1586638635520 2.771612129351189 54
1586638635520 2.765194499640341 55
1586638635520 2.759660081347321 56
1586638635535 2.757639952915783 57
1586638635535 2.756400511982909 58
1586638635535 2.7535548504802856 59
1586638635535 2.7520448837951013 60
1586638635535 2.749320646094719 61
1586638635551 2.7457695829061426 62
1586638635551 2.7439521129698323 63
1586638635551 2.7417768307775123 64
1586638635551 2.7390166458001777 65
1586638635551 2.7358282568854095 66
1586638635567 2.731369430132963 67
1586638635567 2.726321587864319 68
1586638635567 2.725412308525584 69
1586638635567 2.7220759367136256 70
1586638635567 2.719857847666884 71
1586638635567 2.7175878439436785 72
1586638635582 2.715408625947193 73
1586638635582 2.714691819388808 74
1586638635582 2.712355763563751 75
1586638635582 2.708248410064154 76
1586638635582 2.7070291531554598 77
1586638635598 2.7059730287833155 78
1586638635598 2.7036498311666506 79
1586638635598 2.7019022819347827 80
1586638635598 2.7010860890155715 81
1586638635598 2.6991959981992015 82
1586638635614 2.697439933664611 83
1586638635614 2.696568267623259 84
1586638635614 2.6957154519515862 85
1586638635614 2.694326024331481 86
1586638635614 2.6937482214172404 87
1586638635629 2.6920181386883537 88
1586638635629 2.69091938868146 89
1586638635629 2.688752540292344 90
1586638635629 2.6872787489980547 91
1586638635629 2.6866039279111127 92
1586638635629 2.6853895533906145 93
1586638635645 2.684780178144529 94
1586638635645 2.684140210687544 95
1586638635645 2.6837402596487885 96
1586638635645 2.680634890516659 97
1586638635645 2.6802008908519555 98
1586638635660 2.6785228064041204 99
1586638635660 2.6764287561184754 100
1586638635660 2.675969959736912 101
1586638635660 2.674876354877326 102
1586638635660 2.6736796639682696 103
1586638635676 2.6733813618559346 104
1586638635676 2.67239700564882 105
1586638635676 2.6719851785212945 106
1586638635676 2.6716011873261274 107
1586638635676 2.6710328463267836 108
1586638635692 2.6695837013651045 109
1586638635692 2.668213653027072 110
1586638635692 2.666386037788416 111
1586638635692 2.665859865033174 112
1586638635692 2.664808678563898 113
1586638635692 2.6644778455985865 114
1586638635707 2.664021077096123 115
1586638635707 2.6630740807899866 116
1586638635707 2.6627363123512877 117
1586638635707 2.6620780876090424 118
1586638635707 2.6616243812166105 119
1586638635723 2.6609473179939176 120
1586638635723 2.66066352734748 121
1586638635723 2.6604168030204756 122
1586638635723 2.660196407732843 123
1586638635723 2.659971907825293 124
1586638635739 2.6596306120279407 125
1586638635739 2.658532425880024 126
1586638635739 2.6583283286207835 127
1586638635739 2.6580417813725163 128
1586638635739 2.6578820176429594 129
1586638635754 2.6572499924537736 130
1586638635754 2.656789016785935 131
1586638635754 2.6561130402712805 132
1586638635754 2.651703613330467 133
1586638635754 2.6472801984936836 134
1586638635754 2.6472051384204422 135
1586638635770 2.646173351201133 136
1586638635770 2.645917476525088 137
1586638635770 2.6454939571413467 138
1586638635770 2.6452483609232704 139
1586638635770 2.645235607243751 140
1586638635785 2.6451865077997634 141
1586638635785 2.6450687379896585 142
1586638635785 2.644532436546536 143
1586638635785 2.6411367260404823 144
1586638635785 2.640704838843265 145
1586638635785 2.639722087097075 146
1586638635801 2.6394099803009077 147
1586638635801 2.6390689364225386 148
1586638635801 2.638955184034422 149
1586638635801 2.638075363654276 150
1586638635801 2.6379533555751666 151
1586638635817 2.6366911365626846 152
1586638635817 2.63643817648312 153
1586638635817 2.6361781641731463 154
1586638635817 2.6351145704075964 155
1586638635817 2.6334693838895182 156
1586638635817 2.6333901715156176 157
1586638635832 2.632802424529201 158
1586638635832 2.6324568606307683 159
1586638635832 2.6314538400031933 160
1586638635832 2.631111767136737 161
1586638635832 2.6309286028722054 162
1586638635848 2.6308243807150076 163
1586638635848 2.6296341852795204 164
1586638635848 2.6293845424526197 165
1586638635848 2.6291630860743735 166
1586638635848 2.628942908493497 167
1586638635864 2.6288140867530205 168
1586638635864 2.62831680346012 169
1586638635864 2.6277158670325695 170
1586638635864 2.6273361306218397 171
1586638635864 2.6272365813818843 172
1586638635864 2.626979860493023 173
1586638635879 2.625770220491283 174
1586638635879 2.625472026033915 175
1586638635879 2.625385523615654 176
1586638635879 2.625379468494189 177
1586638635879 2.625019878636488 178
1586638635895 2.6246519276737708 179
1586638635895 2.6240775981298943 180
1586638635895 2.623961546132892 181
1586638635895 2.623428278835328 182
1586638635895 2.6232756485251376 183
1586638635895 2.619777208224277 184
1586638635910 2.6197428564478566 185
1586638635910 2.619732914062707 186
1586638635910 2.6197059920942958 187
1586638635910 2.619020507509844 188
1586638635910 2.618948647200014 189
1586638635926 2.618184140853722 190
1586638635926 2.6172836017552665 191
1586638635926 2.617214284446355 192
1586638635926 2.6169849946956387 193
