1586621590173 4.3062521627471515 0
1586621590173 4.277613867807866 1
1586621590188 4.250080145606318 2
1586621590198 4.223328200067457 3
1586621590198 4.197098934633273 4
1586621590198 4.171579777270707 5
1586621590213 4.145868984957818 6
1586621590213 4.120433412542018 7
1586621590213 4.094709302946223 8
1586621590229 4.069034318985781 9
1586621590229 4.0431364215407966 10
1586621590229 4.0169569360835045 11
1586621590245 3.990259338598866 12
1586621590245 3.9631532883307434 13
1586621590245 3.93569752346501 14
1586621590260 3.9079686346818803 15
1586621590260 3.8801674814083342 16
1586621590260 3.8516683886901824 17
1586621590276 3.8228489085878605 18
1586621590276 3.793750834039495 19
1586621590276 3.7643628402472507 20
1586621590276 3.7348621102775885 21
1586621590291 3.705144970610974 22
1586621590291 3.6757024419529594 23
1586621590291 3.6459483453523767 24
1586621590291 3.6160975061031033 25
1586621590307 3.586376396860722 26
1586621590307 3.5569034162233892 27
1586621590307 3.52721831286931 28
1586621590307 3.497925717618366 29
1586621590323 3.4689095329928397 30
1586621590323 3.4401767865299235 31
1586621590323 3.4122735642837183 32
1586621590323 3.384569151220488 33
1586621590338 3.357076961595805 34
1586621590338 3.3304929879500955 35
1586621590338 3.3044458253538664 36
1586621590338 3.2787142620706704 37
1586621590354 3.253668944881649 38
1586621590354 3.228617978330427 39
1586621590354 3.2060816119513054 40
1586621590354 3.183078059414556 41
1586621590370 3.1602680234701985 42
1586621590370 3.138471815282838 43
1586621590370 3.1176410452275514 44
1586621590370 3.0977295866715617 45
1586621590370 3.0781603570586427 46
1586621590385 3.0596863095119673 47
1586621590385 3.041174841211003 48
1586621590385 3.0252423441632974 49
1586621590385 3.0106023949392418 50
1586621590402 2.9958271480536887 51
1586621590402 2.98102187793275 52
1586621590402 2.9667590891892814 53
1586621590402 2.953776879196468 54
1586621590418 2.9412002820113434 55
1586621590418 2.9288263864576787 56
1586621590418 2.918486211264508 57
1586621590418 2.907662562218985 58
1586621590433 2.8972540070514556 59
1586621590433 2.888308573911662 60
1586621590433 2.878830722243866 61
1586621590433 2.870960025357683 62
1586621590433 2.862664062999906 63
1586621590449 2.854289118074474 64
1586621590449 2.846824539421334 65
1586621590449 2.8395968969690757 66
1586621590449 2.832626527609024 67
1586621590464 2.825962553785131 68
1586621590464 2.819937304588281 69
1586621590464 2.814367857625106 70
1586621590464 2.808374149740935 71
1586621590464 2.804573829482483 72
1586621590480 2.79934178295245 73
1586621590480 2.7953757218603474 74
1586621590480 2.7914523632721315 75
1586621590480 2.787646428225019 76
1586621590496 2.7832981385400624 77
1586621590496 2.781545402991768 78
1586621590496 2.7768464787200946 79
1586621590496 2.7752730482978434 80
1586621590496 2.7722408183097946 81
1586621590511 2.769560173244091 82
1586621590511 2.76801190111756 83
1586621590511 2.764117047362927 84
1586621590511 2.761569788881591 85
1586621590511 2.7579372337245704 86
1586621590527 2.75387133782004 87
1586621590527 2.751579948387155 88
1586621590527 2.749393821162929 89
1586621590543 2.745488684793409 90
1586621590543 2.7418007602399075 91
1586621590543 2.7389490567758523 92
1586621590543 2.7362991118765048 93
1586621590543 2.733631926766271 94
1586621590558 2.731581206190463 95
1586621590558 2.7298177767824665 96
1586621590558 2.7285812841555868 97
1586621590558 2.727734346243922 98
1586621590574 2.725869120772351 99
1586621590574 2.7231258822953537 100
1586621590574 2.720860638024078 101
1586621590574 2.7193208094680315 102
1586621590574 2.7169068713970748 103
1586621590589 2.7155607315456005 104
1586621590589 2.7138411640915105 105
1586621590599 2.7129657522800628 106
1586621590601 2.7116508379460007 107
1586621590601 2.709888926591803 108
1586621590601 2.7080891075278237 109
1586621590617 2.7068964025796625 110
1586621590617 2.706156568247107 111
1586621590617 2.705203590415451 112
1586621590633 2.7039201657677894 113
1586621590633 2.7031745302080914 114
1586621590633 2.702227335451547 115
1586621590633 2.701850892731969 116
1586621590633 2.7011993383518442 117
1586621590648 2.7001074717430975 118
1586621590648 2.699537454172792 119
1586621590648 2.6990223906586737 120
1586621590648 2.6982437321472217 121
1586621590664 2.697826738813268 122
1586621590664 2.6974760061099907 123
1586621590664 2.6959838982496307 124
1586621590664 2.6955071936615234 125
1586621590664 2.693886797079089 126
1586621590679 2.6936066968715555 127
1586621590679 2.6932171483665805 128
1586621590679 2.6928557274153677 129
1586621590679 2.6917534237672545 130
1586621590679 2.690757570437095 131
1586621590695 2.6897125787668448 132
1586621590695 2.6892731235699916 133
1586621590695 2.6886821951214914 134
1586621590695 2.6880283218051977 135
1586621590711 2.6877246634118963 136
1586621590711 2.687383659085153 137
1586621590711 2.685039298529615 138
1586621590711 2.684123943623461 139
1586621590711 2.683639975469115 140
1586621590726 2.683289114105143 141
1586621590726 2.682978011460948 142
1586621590726 2.68207040422016 143
1586621590726 2.681352771092788 144
1586621590726 2.6808832824705777 145
1586621590742 2.6800299565370107 146
1586621590742 2.679094910095037 147
1586621590742 2.67867043893956 148
1586621590742 2.6778826386944417 149
1586621590757 2.6764094108428402 150
1586621590757 2.6761568432436826 151
1586621590757 2.6749405688184575 152
1586621590757 2.6747089747531607 153
1586621590757 2.674475018299739 154
1586621590773 2.673659179509854 155
1586621590773 2.673495487798487 156
1586621590773 2.6715691886458077 157
1586621590773 2.671143024464522 158
1586621590773 2.670442726711188 159
1586621590789 2.6697834425693188 160
1586621590789 2.669390057403303 161
1586621590789 2.6691283540714386 162
1586621590789 2.6684348106509477 163
1586621590805 2.6678256732023926 164
1586621590806 2.6675852498770882 165
1586621590806 2.6662016930116783 166
1586621590806 2.6658473013938626 167
1586621590806 2.665634274446491 168
1586621590821 2.6654551487269917 169
1586621590821 2.6646609321018286 170
1586621590821 2.6638932146277443 171
1586621590821 2.6633744423846677 172
1586621590821 2.6631640193276316 173
1586621590837 2.6623217527335843 174
1586621590837 2.662145396361095 175
1586621590837 2.661326689159506 176
1586621590837 2.661081492802766 177
1586621590837 2.660848107889987 178
1586621590852 2.660526796726051 179
1586621590852 2.6603793071537294 180
1586621590852 2.6602015293121917 181
1586621590852 2.660056951052229 182
1586621590852 2.6598724398132023 183
1586621590868 2.6595944300772114 184
1586621590868 2.6594407101102653 185
1586621590868 2.6592558115270393 186
1586621590868 2.659060118739282 187
1586621590868 2.6588449588096403 188
1586621590884 2.6579919120843045 189
1586621590884 2.6570875945511006 190
1586621590884 2.6569832544407173 191
1586621590884 2.6566331128401695 192
1586621590899 2.6555244588632556 193
1586621590899 2.653359725652636 194
1586621590899 2.653255254981028 195
1586621590899 2.6525773396545484 196
1586621590899 2.652421676484888 197
1586621590915 2.6519386363703026 198
1586621590915 2.6507856787419106 199
1586621590915 2.6504389790695253 200
1586621590915 2.649772261559239 201
1586621590915 2.649616529113355 202
1586621590931 2.6489221208851386 203
1586621590931 2.6486167827117475 204
1586621590931 2.6484799159919388 205
1586621590931 2.6472386898623346 206
1586621590931 2.645572011410773 207
1586621590946 2.645023616127522 208
1586621590946 2.64457280612664 209
1586621590946 2.6442697536274387 210
1586621590946 2.64417783965744 211
1586621590946 2.643952315369119 212
1586621590962 2.6436030137015973 213
1586621590962 2.642460910086724 214
1586621590962 2.642222640353914 215
1586621590962 2.641858215908299 216
1586621590962 2.6413370573979416 217
1586621590977 2.6410185575659 218
1586621590977 2.640570467734653 219
1586621590977 2.640488426843141 220
1586621590977 2.639850360860583 221
1586621590977 2.639797907409585 222
1586621590993 2.639679928687888 223
1586621590993 2.638985399216225 224
1586621590993 2.6389518927490645 225
1586621590993 2.6388501142044447 226
1586621590993 2.6387284890458496 227
1586621590993 2.6385267457580865 228
1586621591009 2.6383873628811125 229
1586621591009 2.6362736672102676 230
1586621591009 2.633365316236868 231
1586621591009 2.633359561899883 232
1586621591009 2.6332012825016795 233
1586621591024 2.6315812483831693 234
1586621591024 2.631442801467766 235
1586621591024 2.6312923764483482 236
1586621591024 2.6308300431374887 237
1586621591024 2.628623416283225 238
1586621591040 2.6279914917334404 239
1586621591040 2.627519753417626 240
