1586620701807 4.208656063520881 0
1586620702134 4.141347492582431 1
1586620702134 4.078708158137322 2
1586620702149 4.019382181138601 3
1586620702149 3.9629344797807193 4
1586620702149 3.9095507208641203 5
1586620702149 3.8576526397342548 6
1586620702149 3.80862602137126 7
1586620702165 3.7604227052036983 8
1586620702165 3.714929897427469 9
1586620702165 3.6712575493284434 10
1586620702165 3.629611052042993 11
1586620702165 3.5890382119939677 12
1586620702180 3.549889479355912 13
1586620702180 3.5122465296056937 14
1586620702180 3.4762688402587183 15
1586620702180 3.4420506277029244 16
1586620702180 3.4092544945157606 17
1586620702196 3.3772893925064396 18
1586620702196 3.34698780921326 19
1586620702212 3.3171995837662904 20
1586620702212 3.2889558082840242 21
1586620702212 3.261718764536186 22
1586620702212 3.236054529564771 23
1586620702212 3.211200632225857 24
1586620702227 3.187527252789707 25
1586620702227 3.164708185756939 26
1586620702227 3.1430692579033277 27
1586620702227 3.1221407745854313 28
1586620702227 3.1021261699074416 29
1586620702243 3.083317227420566 30
1586620702243 3.064983058674911 31
1586620702243 3.0477394131664037 32
1586620702243 3.030918209124915 33
1586620702243 3.015009336274154 34
1586620702259 3.000038781618667 35
1586620702259 2.9855159970096015 36
1586620702259 2.971589934084738 37
1586620702259 2.9584751031791847 38
1586620702259 2.945941451126933 39
1586620702274 2.9340653185130643 40
1586620702274 2.92226192305899 41
1586620702274 2.9110260006282616 42
1586620702274 2.9003565445046973 43
1586620702274 2.890339267752804 44
1586620702290 2.8805540076624165 45
1586620702290 2.871338213911 46
1586620702290 2.8625206512169354 47
1586620702290 2.854097024552407 48
1586620702290 2.8457938701678116 49
1586620702305 2.838371691016274 50
1586620702305 2.8310915477519805 51
1586620702305 2.824294966538955 52
1586620702305 2.8178791996113968 53
1586620702305 2.8116066919848195 54
1586620702305 2.8056107267912935 55
1586620702321 2.7999236948867527 56
1586620702321 2.7947118935778175 57
1586620702321 2.7893249927713786 58
1586620702321 2.7842982887499725 59
1586620702321 2.7796165258742613 60
1586620702338 2.7751664214451166 61
1586620702338 2.770984158839285 62
1586620702338 2.7670131648210643 63
1586620702338 2.76299363648169 64
1586620702338 2.759280156805008 65
1586620702353 2.7556367073634522 66
1586620702353 2.752389245913189 67
1586620702353 2.749132106456094 68
1586620702353 2.7461582201459747 69
1586620702353 2.742630049595692 70
1586620702353 2.7398949047861536 71
1586620702369 2.7372661330587262 72
1586620702369 2.734504242706565 73
1586620702369 2.7320704920837495 74
1586620702369 2.7298664967487944 75
1586620702369 2.727778965587394 76
1586620702385 2.7255542129675163 77
1586620702385 2.7233409552728576 78
1586620702385 2.7214275482803396 79
1586620702385 2.7195239595488165 80
1586620702385 2.7176785689677825 81
1586620702400 2.71583291963419 82
1586620702400 2.7142920152846273 83
1586620702400 2.712695550835519 84
1586620702400 2.711042712040684 85
1586620702400 2.7093679813452116 86
1586620702416 2.7079897115912916 87
1586620702416 2.7065790964458145 88
1586620702416 2.70535918185019 89
1586620702416 2.7042481557179885 90
1586620702416 2.7031170081761884 91
1586620702416 2.7018490685571486 92
1586620702432 2.7006647981741327 93
1586620702432 2.69951178133138 94
1586620702432 2.6982835738608446 95
1586620702432 2.6971720889357678 96
1586620702432 2.695364889236537 97
1586620702447 2.69377300622915 98
1586620702447 2.69297749967703 99
1586620702447 2.6921314298113 100
1586620702447 2.6913875929996287 101
1586620702447 2.6892733914528626 102
1586620702463 2.687300563090632 103
1586620702463 2.686577893292091 104
1586620702463 2.685835555119493 105
1586620702463 2.6851569208417776 106
1586620702463 2.6832035144070243 107
1586620702463 2.6813412429623944 108
1586620702478 2.6798578667880286 109
1586620702478 2.6793195846833124 110
1586620702478 2.6786495526081064 111
1586620702478 2.677755125741676 112
1586620702478 2.676473296972389 113
1586620702494 2.675668008326123 114
1586620702494 2.675111979102007 115
1586620702494 2.67457263760135 116
1586620702494 2.67409351931067 117
1586620702494 2.6735936483493394 118
1586620702510 2.672462212918348 119
1586620702510 2.671357890706426 120
1586620702510 2.670998770031162 121
1586620702510 2.6706517491571002 122
1586620702510 2.6692848919673535 123
1586620702510 2.6689362267849575 124
1586620702525 2.668597885801804 125
1586620702525 2.6674334352513123 126
1586620702525 2.6670649045433246 127
1586620702525 2.666746404847362 128
1586620702525 2.665822383125853 129
1586620702541 2.6655469939910645 130
1586620702541 2.665261047192822 131
1586620702541 2.6643032404135423 132
1586620702541 2.6637940845854238 133
1586620702541 2.6635390855781993 134
1586620702557 2.6624103557029257 135
1586620702557 2.662206454834807 136
1586620702557 2.6619387090963773 137
1586620702557 2.6613459476913524 138
1586620702557 2.66096685937534 139
1586620702557 2.6606941327342506 140
1586620702572 2.659880260195322 141
1586620702572 2.6589128615272695 142
1586620702572 2.6586862616587066 143
1586620702572 2.6578505308543763 144
1586620702572 2.657478080324453 145
1586620702588 2.6572325821265554 146
1586620702588 2.656884604304464 147
1586620702588 2.6565859426287814 148
1586620702588 2.6557249352782746 149
1586620702588 2.65526466893882 150
1586620702588 2.654539832465686 151
1586620702604 2.6541428091825634 152
1586620702604 2.6538598477404625 153
1586620702604 2.653629782832545 154
1586620702614 2.6530334368591166 155
1586620702614 2.6528243024291696 156
1586620702614 2.6524855534267235 157
1586620702614 2.6521061946561484 158
1586620702614 2.65129841067274 159
1586620702629 2.651060848108819 160
1586620702629 2.6507753111247356 161
1586620702629 2.6499738369036683 162
1586620702629 2.64974857543249 163
1586620702629 2.6495995446654392 164
1586620702645 2.649392198193783 165
1586620702645 2.6490471294480566 166
1586620702645 2.648800933923733 167
1586620702645 2.6480248759914202 168
1586620702661 2.647851182321991 169
1586620702661 2.6472222232349067 170
1586620702661 2.646567303897188 171
1586620702661 2.645796064405069 172
1586620702676 2.6455842038180815 173
1586620702676 2.644874444538483 174
1586620702676 2.6446400570641653 175
1586620702676 2.644429188505375 176
1586620702676 2.6442249278641197 177
1586620702692 2.6439968910756013 178
1586620702692 2.643434254856204 179
1586620702692 2.6432082165099673 180
1586620702692 2.6430435453045455 181
1586620702709 2.6424017052133015 182
1586620702711 2.6422763394818234 183
1586620702711 2.6421103468649756 184
1586620702711 2.641796482140692 185
1586620702711 2.6416259806003954 186
1586620702711 2.640764476564148 187
1586620702727 2.64043626642372 188
1586620702727 2.6398720634364277 189
1586620702727 2.6396685033071985 190
1586620702727 2.6393263318276143 191
1586620702727 2.6391115106736907 192
1586620702743 2.6389429120670163 193
1586620702743 2.6381460686183598 194
1586620702743 2.6379414617200685 195
1586620702743 2.6374250541499857 196
1586620702743 2.6368412906134804 197
1586620702758 2.636621472864306 198
1586620702758 2.636420968604961 199
1586620702758 2.6358081552712034 200
1586620702758 2.635218734564459 201
1586620702758 2.634917314141652 202
1586620702774 2.6347065565058814 203
1586620702774 2.634581895949566 204
1586620702774 2.6343721684595827 205
1586620702774 2.6338618022952227 206
1586620702774 2.633177492935164 207
1586620702789 2.6329919427754795 208
1586620702789 2.6322926960043747 209
1586620702789 2.6317984207637544 210
1586620702789 2.631711854547644 211
1586620702789 2.631553696304189 212
1586620702805 2.631394928489057 213
1586620702805 2.631179520515292 214
1586620702805 2.6310373858938183 215
1586620702805 2.6307776479583915 216
1586620702805 2.6306422288938522 217
1586620702821 2.6305069558883956 218
1586620702821 2.6302811670010944 219
1586620702821 2.629962466191874 220
1586620702821 2.62969018793342 221
1586620702821 2.6295204507901713 222
1586620702836 2.6293517696978514 223
1586620702836 2.6290503104214498 224
1586620702836 2.62890413494505 225
1586620702836 2.628513755054584 226
1586620702836 2.6281084593098414 227
1586620702852 2.6276938275426214 228
1586620702852 2.6272909779757767 229
1586620702852 2.626548642366919 230
1586620702852 2.626355676287666 231
1586620702852 2.625757700473646 232
1586620702868 2.6255243356140165 233
1586620702868 2.625251825494896 234
1586620702868 2.6247109492849976 235
1586620702868 2.623938398999273 236
1586620702868 2.6236154470140125 237
1586620702883 2.6233348377309555 238
1586620702883 2.6229522626891195 239
1586620702883 2.622450018487789 240
1586620702883 2.6223005908812227 241
1586620702899 2.6219441181609335 242
1586620702899 2.621781819654516 243
1586620702899 2.6215268652923593 244
1586620702899 2.6213282998124225 245
1586620702899 2.621244396185247 246
1586620702914 2.6210485084467745 247
1586620702919 2.6208507220729915 248
1586620702919 2.620660605786073 249
1586620702919 2.6205227960666977 250
1586620702919 2.6204035277649234 251
1586620702919 2.6202973064763455 252
1586620702934 2.62010505559303 253
1586620702934 2.620000373544131 254
1586620702934 2.6196852379785716 255
1586620702934 2.619494886345766 256
1586620702934 2.619152649221243 257
1586620702950 2.6189500781839414 258
1586620702950 2.618828872282336 259
1586620702950 2.618696803810879 260
1586620702950 2.6185031964877923 261
1586620702950 2.6180812923568175 262
1586620702966 2.617525384154717 263
1586620702966 2.617334401737648 264
1586620702966 2.6171214496656545 265
1586620702966 2.616868322286193 266
1586620702966 2.6165567069977205 267
1586620702981 2.616437013405026 268
1586620702981 2.6163193092792443 269
1586620702981 2.6155409307226174 270
1586620702981 2.6150079974319316 271
1586620702981 2.6148462158262666 272
1586620702981 2.6146045624118583 273
1586620702997 2.614356796435107 274
1586620702997 2.614226057622929 275
1586620702997 2.613903117133661 276
1586620702997 2.613633603909946 277
1586620702997 2.6132583976451893 278
1586620703013 2.6131237554045676 279
1586620703013 2.612592241920341 280
1586620703013 2.6123603223994114 281
1586620703013 2.612168132958604 282
1586620703013 2.6114658390832344 283
1586620703028 2.6105950871666264 284
1586620703028 2.610265795775529 285
1586620703028 2.610006497665321 286
1586620703028 2.6096117877375016 287
1586620703028 2.60895441408495 288
1586620703028 2.6087231035775647 289
1586620703044 2.6080771315983506 290
1586620703044 2.6079121017396996 291
1586620703044 2.6077717884743894 292
1586620703044 2.607407649387245 293
1586620703044 2.6072153780825973 294
1586620703059 2.607055363700374 295
1586620703059 2.6069272906592 296
1586620703059 2.606761538073778 297
1586620703059 2.606633021205943 298
1586620703059 2.6065235313266943 299
1586620703075 2.6061485610409485 300
1586620703075 2.6056312360170995 301
1586620703075 2.605483866752657 302
1586620703075 2.6050812637217047 303
1586620703075 2.604723320253553 304
1586620703091 2.6045756579484696 305
1586620703091 2.6040738703580004 306
1586620703091 2.6039275332559524 307
1586620703091 2.6036551675986668 308
1586620703091 2.6035506497819565 309
1586620703091 2.6032101866217374 310
1586620703106 2.602915757179352 311
1586620703106 2.6028556892547714 312
1586620703106 2.602693513757722 313
1586620703106 2.6023895977178397 314
1586620703106 2.6021739771937558 315
1586620703123 2.601883099452071 316
1586620703123 2.601777082962727 317
1586620703123 2.6012275788870487 318
1586620703123 2.600990951861345 319
1586620703123 2.60084747126061 320
1586620703139 2.6007230519769764 321
1586620703139 2.6005782147296874 322
1586620703139 2.600516421505322 323
1586620703139 2.600429572497856 324
1586620703139 2.600312215035201 325
1586620703139 2.6001692765131823 326
1586620703154 2.6000264891820724 327
1586620703154 2.5999115032344804 328
1586620703154 2.5997838065390226 329
1586620703154 2.599577371734562 330
1586620703154 2.5992915400680756 331
1586620703170 2.598556306138218 332
1586620703170 2.5978040727824214 333
1586620703170 2.5976418649866266 334
1586620703170 2.597471767608565 335
1586620703170 2.5969838014591984 336
1586620703186 2.596311273633623 337
1586620703186 2.596169045894421 338
1586620703186 2.595646258357626 339
1586620703186 2.595535684246294 340
1586620703186 2.595420437105395 341
1586620703201 2.595332958738645 342
1586620703201 2.5951681057273914 343
1586620703201 2.595053617692763 344
1586620703201 2.5950099232968067 345
1586620703201 2.594881229882511 346
1586620703217 2.5948156682193706 347
1586620703217 2.594720555266988 348
1586620703217 2.5946189769205485 349
1586620703217 2.594481824663706 350
1586620703217 2.594412944886982 351
1586620703232 2.59414207435232 352
1586620703232 2.5940751574293817 353
1586620703232 2.593124107226569 354
1586620703232 2.5930367089079804 355
1586620703232 2.5928787261529336 356
1586620703248 2.5922980370764335 357
1586620703248 2.591974272518186 358
1586620703248 2.5918342299109587 359
1586620703248 2.591428972320352 360
1586620703248 2.5909325806025842 361
1586620703264 2.590454793066445 362
1586620703264 2.590343664080587 363
1586620703264 2.589807012292182 364
1586620703264 2.5895145731881133 365
1586620703264 2.589423405485444 366
1586620703279 2.589134104454822 367
1586620703279 2.589046943916603 368
1586620703279 2.5888483823720736 369
1586620703279 2.588831139080138 370
1586620703279 2.5887767152416084 371
1586620703295 2.5886040668064894 372
1586620703295 2.5884068684479473 373
1586620703295 2.5882184939686943 374
1586620703295 2.5881507811575046 375
1586620703295 2.588072665969059 376
1586620703295 2.5879479568779233 377
1586620703311 2.5877563223061437 378
1586620703311 2.587627383513215 379
1586620703311 2.586777889152799 380
1586620703311 2.5856680991164422 381
1586620703311 2.5855542731612298 382
1586620703326 2.585415584335743 383
1586620703326 2.5853679155277773 384
1586620703326 2.5847445276779943 385
1586620703326 2.584651981541873 386
1586620703326 2.5843705339314806 387
1586620703342 2.58426356745835 388
1586620703342 2.5841153220090223 389
1586620703342 2.583962592591965 390
1586620703342 2.5832527507573704 391
1586620703342 2.5830773987007514 392
1586620703342 2.5826402618120197 393
1586620703357 2.5823723475656797 394
1586620703357 2.5822916860986846 395
1586620703357 2.5821401299300613 396
1586620703357 2.5821009133395516 397
1586620703357 2.58196290837059 398
1586620703373 2.5817271844532255 399
1586620703373 2.5815952045622557 400
1586620703373 2.5814846617616576 401
1586620703373 2.58135717003722 402
1586620703373 2.581199492401648 403
1586620703373 2.5808977002380806 404
1586620703389 2.580721860035451 405
1586620703389 2.580611758543341 406
1586620703389 2.58038395048734 407
1586620703389 2.58024503098141 408
1586620703389 2.5800159662273283 409
1586620703389 2.579945794320432 410
1586620703404 2.5798561509512012 411
1586620703404 2.579837320319188 412
1586620703404 2.579754583080671 413
1586620703404 2.5797174631328073 414
1586620703404 2.57965847365993 415
1586620703420 2.5795488553267027 416
1586620703420 2.5790818661360424 417
1586620703420 2.5787748074930628 418
1586620703420 2.5786738964139517 419
1586620703420 2.5781179398529295 420
1586620703420 2.5776674360790275 421
1586620703437 2.577059109415426 422
1586620703438 2.576908853888131 423
1586620703438 2.5763792042469027 424
1586620703438 2.5762852542683685 425
1586620703438 2.5761798016288835 426
1586620703438 2.5761207352402136 427
1586620703454 2.5760364125918143 428
1586620703454 2.5755224753871726 429
1586620703454 2.575468252466938 430
1586620703454 2.575428406619483 431
1586620703454 2.5753426463750704 432
1586620703469 2.5753089126669413 433
1586620703469 2.57522812249097 434
1586620703469 2.5752111064761984 435
1586620703469 2.5751114287873555 436
1586620703469 2.5746812432857045 437
1586620703469 2.574541891002626 438
1586620703485 2.5744569109680797 439
1586620703485 2.5741626836082108 440
1586620703485 2.574071721445999 441
1586620703485 2.573976180850622 442
1586620703485 2.573956821534682 443
1586620703500 2.5735949786610264 444
1586620703500 2.573490971567066 445
1586620703500 2.5732704783388454 446
1586620703500 2.5727968635993763 447
1586620703500 2.5726289465027885 448
1586620703500 2.572579122061139 449
1586620703516 2.572250907815403 450
1586620703516 2.5717674893122537 451
1586620703516 2.5711376443532137 452
1586620703516 2.57086417508427 453
1586620703516 2.5703588706553764 454
1586620703532 2.570015951873446 455
1586620703532 2.569571370453734 456
1586620703532 2.569415325067868 457
1586620703532 2.5688440631653457 458
1586620703532 2.5683774284516705 459
1586620703532 2.568217647881422 460
1586620703547 2.5680293163032646 461
1586620703547 2.5674826680534677 462
1586620703547 2.5673009065623367 463
1586620703547 2.5672174808710873 464
1586620703547 2.5670177164386043 465
1586620703547 2.5669492452293508 466
1586620703563 2.566818173805728 467
1586620703563 2.566780681009426 468
1586620703563 2.5666712211265947 469
1586620703563 2.5666290761884034 470
1586620703563 2.5665489365311274 471
1586620703578 2.5664843745363184 472
1586620703578 2.5663842966354804 473
1586620703578 2.5662869494435374 474
1586620703578 2.5661633959141295 475
1586620703578 2.565701167341724 476
1586620703578 2.564883799810988 477
1586620703594 2.564831546252517 478
1586620703594 2.5647767408202604 479
1586620703594 2.5640987246357483 480
1586620703594 2.564066960052636 481
1586620703594 2.5640300870423847 482
1586620703594 2.5638428462509175 483
1586620703610 2.563748671104291 484
1586620703610 2.563720298037825 485
1586620703610 2.563663731385523 486
1586620703610 2.5636330061137382 487
1586620703610 2.5635685605095193 488
1586620703625 2.5635322221653287 489
1586620703625 2.5634618602601877 490
1586620703625 2.563393408134194 491
1586620703625 2.5633030901509106 492
1586620703625 2.5627056933167163 493
1586620703625 2.5626267138563477 494
1586620703641 2.5625332505627334 495
1586620703641 2.5625201569568943 496
1586620703641 2.5624052399501727 497
1586620703641 2.56232952246566 498
1586620703641 2.562161402276679 499
1586620703657 2.562090551217102 500
1586620703657 2.561938751793762 501
1586620703657 2.561888034551904 502
1586620703657 2.5617789151082757 503
1586620703657 2.5616380584540557 504
1586620703657 2.5611299272340498 505
1586620703672 2.5610937015703015 506
1586620703672 2.5610106329364166 507
1586620703672 2.5609907647045205 508
1586620703672 2.5608700667908852 509
1586620703672 2.5607509072865815 510
1586620703688 2.560643587057723 511
1586620703689 2.560402570224737 512
1586620703689 2.5599559714847184 513
1586620703689 2.55985230067312 514
1586620703689 2.559721366462286 515
1586620703689 2.559523300006904 516
1586620703705 2.5594308593882635 517
1586620703705 2.559355898999742 518
1586620703705 2.5592471622732593 519
1586620703705 2.5587574994756817 520
1586620703705 2.5586797869753934 521
1586620703705 2.5586635380517024 522
1586620703720 2.558494001565726 523
1586620703720 2.5583148109299283 524
1586620703720 2.5581837808452 525
1586620703720 2.5579347234037657 526
1586620703720 2.5577400188616473 527
1586620703736 2.5576519435308485 528
1586620703736 2.557574277082777 529
1586620703736 2.557501053963853 530
1586620703736 2.5573935557248992 531
1586620703736 2.5572526834408875 532
1586620703736 2.557207640214279 533
1586620703752 2.5570812551211457 534
1586620703752 2.556925914399379 535
1586620703752 2.556703150251033 536
1586620703752 2.5564617433872234 537
1586620703752 2.5563821662688286 538
1586620703767 2.5563310792060046 539
1586620703767 2.556242666700079 540
1586620703767 2.5559984405162686 541
1586620703767 2.5559798771395714 542
1586620703767 2.5559447776027273 543
1586620703767 2.5555787941219767 544
1586620703783 2.5555518525325738 545
1586620703783 2.555489273269487 546
1586620703783 2.5552618222138217 547
1586620703783 2.555199177626171 548
1586620703783 2.5551134074945123 549
1586620703798 2.5550372992785806 550
1586620703798 2.5549599273171353 551
1586620703798 2.5549296333496 552
1586620703798 2.5544885679938245 553
1586620703798 2.5544200578344167 554
1586620703798 2.5542153651827753 555
1586620703814 2.5538837029130046 556
1586620703814 2.5534636974549114 557
1586620703814 2.553436564816003 558
1586620703814 2.5533132580309728 559
