1586635278916 4.211437916192209 0
1586635278916 4.144273090483378 1
1586635278932 4.080815323657432 2
1586635278932 4.02123293697446 3
1586635278948 3.9647222883037365 4
1586635278948 3.9111342396497903 5
1586635278963 3.8591756065782747 6
1586635278963 3.8103064140594776 7
1586635278979 3.762264695305596 8
1586635278979 3.717262714850079 9
1586635278979 3.6735849764583497 10
1586635278995 3.6319270750539356 11
1586635278995 3.591616255728463 12
1586635279010 3.5519806860086893 13
1586635279010 3.514643504619567 14
1586635279010 3.4790264033614746 15
1586635279026 3.4451190111924266 16
1586635279026 3.412400365231819 17
1586635279026 3.380852257050552 18
1586635279041 3.3504685473549825 19
1586635279041 3.3213328910664695 20
1586635279057 3.2937080667476124 21
1586635279057 3.2672158650093315 22
1586635279057 3.2421729895216886 23
1586635279057 3.2179540329260057 24
1586635279073 3.194769957413196 25
1586635279073 3.1724251129063634 26
1586635279073 3.1510205170176318 27
1586635279088 3.1306055220775053 28
1586635279088 3.1108616302560974 29
1586635279088 3.0924791091095645 30
1586635279104 3.074571762665668 31
1586635279104 3.0578572167875553 32
1586635279104 3.0416472678943607 33
1586635279104 3.0260909199656467 34
1586635279120 3.011279147678728 35
1586635279120 2.997084780406921 36
1586635279120 2.9835055016563543 37
1586635279136 2.9708673321182286 38
1586635279136 2.958057631939325 39
1586635279136 2.946579228971499 40
1586635279136 2.9352156063384887 41
1586635279152 2.9242870071836817 42
1586635279152 2.9140052380730865 43
1586635279152 2.9042793653996655 44
1586635279168 2.8949377557041682 45
1586635279168 2.886128254500024 46
1586635279183 2.8772930297132477 47
1586635279183 2.869228067962199 48
1586635279183 2.8615421602347966 49
1586635279183 2.8544208630930976 50
1586635279199 2.847123808280893 51
1586635279199 2.8405064946545986 52
1586635279214 2.8334336731879146 53
1586635279214 2.827479583051145 54
1586635279214 2.8217542720104603 55
1586635279214 2.8162018683580436 56
1586635279230 2.810983926544303 57
1586635279230 2.8060128680633425 58
1586635279230 2.80087239789496 59
1586635279246 2.7962676762400065 60
1586635279246 2.7917637113230773 61
1586635279246 2.787727789851305 62
1586635279261 2.7838987929880217 63
1586635279261 2.780233083890987 64
1586635279277 2.7766889878797745 65
1586635279277 2.7733584204047 66
1586635279293 2.769065053094952 67
1586635279293 2.7659031403640766 68
1586635279293 2.7630712105394877 69
1586635279308 2.760201657423151 70
1586635279308 2.757585766151337 71
1586635279308 2.7550810035279114 72
1586635279308 2.7527112092320984 73
1586635279324 2.750426500607815 74
1586635279324 2.7482608710194514 75
1586635279324 2.746258026543485 76
1586635279339 2.7442075681077793 77
1586635279339 2.742132856958736 78
1586635279339 2.740279531223908 79
1586635279339 2.738651969091415 80
1586635279355 2.7369712585610793 81
1586635279355 2.7354698581066175 82
1586635279355 2.7340862091705254 83
1586635279355 2.7326702465098194 84
1586635279371 2.731351977951689 85
1586635279371 2.730011955763839 86
1586635279371 2.728782326018631 87
1586635279386 2.72727023118304 88
1586635279386 2.7257234280398728 89
1586635279386 2.7243211777604497 90
1586635279386 2.723233658727334 91
1586635279402 2.722110503285302 92
1586635279402 2.719347775634062 93
1586635279402 2.718435658357213 94
1586635279402 2.7174967197840676 95
1586635279418 2.71627737890007 96
1586635279418 2.7151065097810765 97
1586635279418 2.714389019548006 98
1586635279418 2.713498607677076 99
1586635279433 2.7110326715620254 100
1586635279433 2.710313961786005 101
1586635279433 2.7077908562028052 102
1586635279433 2.7071165266206747 103
1586635279449 2.7050085386777214 104
1586635279449 2.7043882926509744 105
1586635279449 2.7018654583390846 106
1586635279449 2.701256411586537 107
1586635279464 2.700514553298825 108
1586635279464 2.698547206447481 109
1586635279464 2.696480413172391 110
1586635279464 2.6958347974281316 111
1586635279480 2.6953706435993183 112
1586635279480 2.6938754969972525 113
1586635279480 2.693426159716152 114
1586635279480 2.6922969098742815 115
1586635279496 2.691732353908273 116
1586635279496 2.691238580565166 117
1586635279496 2.690751816366909 118
1586635279496 2.689233973601118 119
1586635279511 2.687928487240271 120
1586635279511 2.6876368547684053 121
1586635279511 2.687297144930812 122
1586635279511 2.6846764001220245 123
1586635279527 2.6842717766068107 124
1586635279527 2.683903578582286 125
1586635279527 2.6833343875638596 126
1586635279527 2.682511618166662 127
1586635279543 2.68226908876211 128
1586635279543 2.681118931697731 129
1586635279543 2.6808750518406623 130
1586635279543 2.6797619223480202 131
1586635279543 2.6793306089521676 132
1586635279558 2.6789665815261867 133
1586635279558 2.6779987290871348 134
1586635279558 2.6770131246885076 135
1586635279558 2.676767250081285 136
1586635279574 2.675484908790091 137
1586635279574 2.67510477637664 138
1586635279574 2.6749098961015525 139
1586635279574 2.6736842161500345 140
1586635279574 2.672891658968308 141
1586635279589 2.6726449454402825 142
1586635279589 2.672342076942672 143
1586635279589 2.671490567484013 144
1586635279589 2.6712555983722304 145
1586635279605 2.669955528661902 146
1586635279605 2.669682847430399 147
1586635279605 2.669469411972796 148
1586635279605 2.669305471688903 149
1586635279605 2.669177777474032 150
1586635279621 2.6683699867743047 151
1586635279621 2.668111981026737 152
1586635279621 2.666927648334028 153
1586635279621 2.666273948016508 154
1586635279621 2.6654816394845477 155
1586635279636 2.6650368064642156 156
1586635279636 2.6642119886443965 157
1586635279636 2.6635859003346933 158
1586635279636 2.663231632207174 159
1586635279636 2.6621685423191708 160
1586635279652 2.661710545755755 161
1586635279652 2.6615777409276364 162
1586635279652 2.6613221551440613 163
1586635279652 2.661092475917768 164
1586635279668 2.660845217210734 165
1586635279668 2.660673197625799 166
1586635279668 2.6603853022468207 167
1586635279668 2.658885548344622 168
1586635279668 2.6587360608823385 169
1586635279683 2.658498587213861 170
1586635279683 2.6583683977607038 171
1586635279683 2.6582243866837016 172
1586635279683 2.658086113442116 173
1586635279699 2.65772301162998 174
1586635279699 2.656249188523083 175
1586635279699 2.655354154142156 176
1586635279699 2.6551959885776837 177
1586635279699 2.654973276153732 178
1586635279714 2.6548093327222717 179
1586635279714 2.654608102392727 180
1586635279714 2.6544248553546135 181
1586635279714 2.654123825619745 182
1586635279714 2.653792143743755 183
1586635279730 2.6535533715629622 184
1586635279730 2.6530369730991943 185
1586635279730 2.652736288811784 186
1586635279730 2.6520692481244645 187
1586635279730 2.651931801961261 188
1586635279746 2.6505311772222613 189
1586635279746 2.6503994123737575 190
1586635279746 2.6501840024592123 191
1586635279746 2.649995238031298 192
1586635279746 2.6497521129969623 193
1586635279761 2.6495507144277792 194
1586635279761 2.6493115231618276 195
1586635279761 2.647941372393497 196
1586635279761 2.647844756580273 197
1586635279761 2.6468658907541798 198
1586635279777 2.6465576144032537 199
1586635279777 2.6463930037266032 200
1586635279777 2.6462357249885526 201
1586635279777 2.6456510625406056 202
1586635279777 2.6452835459072133 203
1586635279792 2.645124100366806 204
1586635279792 2.644923561520934 205
1586635279792 2.6447921644057484 206
1586635279792 2.644602587156456 207
1586635279808 2.6443473465033733 208
1586635279808 2.644182845380357 209
1586635279808 2.643808166995477 210
1586635279808 2.643673399221255 211
1586635279808 2.643474123421924 212
1586635279824 2.6432282191579235 213
1586635279824 2.6430819880321317 214
1586635279824 2.6424273824190307 215
1586635279824 2.6422765173632654 216
1586635279824 2.6420497654877035 217
1586635279839 2.641797367410983 218
1586635279839 2.641649723512974 219
1586635279839 2.6405513551657043 220
1586635279839 2.6403867319254544 221
1586635279839 2.6401513966135153 222
1586635279855 2.6399368949191397 223
1586635279855 2.63979137130059 224
1586635279855 2.639673418571194 225
1586635279855 2.639469896809301 226
1586635279855 2.6392846594660377 227
1586635279871 2.6391246024550656 228
1586635279871 2.6388889812234453 229
1586635279871 2.6381334001364407 230
1586635279871 2.637975856505238 231
1586635279871 2.6377620625371305 232
1586635279886 2.637639298595484 233
1586635279886 2.6368291763910605 234
1586635279886 2.6367104896334963 235
1586635279886 2.6364794594784833 236
1586635279886 2.636195352760499 237
1586635279902 2.636084520870634 238
1586635279902 2.635521878338302 239
1586635279902 2.635301663442067 240
1586635279902 2.635157636035627 241
1586635279902 2.6350315696572997 242
1586635279917 2.634549764520054 243
1586635279917 2.6342060357748087 244
1586635279917 2.6336881516845065 245
1586635279917 2.6334202955559673 246
1586635279917 2.6332270201192562 247
1586635279933 2.6331427870280506 248
1586635279933 2.6330139153221714 249
1586635279933 2.6328521444237154 250
1586635279933 2.6327549821374503 251
1586635279933 2.6324423118600424 252
1586635279933 2.6322611158179363 253
1586635279949 2.6315995070695295 254
1586635279949 2.631492121021842 255
1586635279949 2.6312910029701486 256
1586635279949 2.631185052010587 257
1586635279949 2.6305202765952744 258
1586635279964 2.6303027685710942 259
1586635279964 2.6301966968503456 260
1586635279964 2.6300981152734115 261
1586635279964 2.6296469009432957 262
1586635279964 2.6294809853799777 263
1586635279980 2.629216038468642 264
1586635279980 2.6291069402415883 265
1586635279980 2.6290283274514508 266
1586635279980 2.6286514494624345 267
1586635279980 2.628383381335753 268
1586635279996 2.6275625636655526 269
1586635279996 2.6273789646887846 270
1586635279996 2.626973131675663 271
1586635279996 2.6266743939560704 272
1586635279996 2.6263156459110126 273
1586635280011 2.6258558242888026 274
1586635280011 2.6257461462668945 275
1586635280011 2.6255958052260397 276
1586635280011 2.6253664594695225 277
1586635280011 2.6249899531624483 278
1586635280027 2.6248164794817943 279
1586635280027 2.624214685467957 280
1586635280027 2.6241246936637346 281
1586635280027 2.6239189750823213 282
1586635280027 2.6238308783992847 283
1586635280042 2.623372876008378 284
1586635280042 2.623281265346351 285
1586635280042 2.622968084092032 286
1586635280042 2.6228857381377764 287
1586635280042 2.6221917841577227 288
1586635280058 2.621507752300598 289
1586635280058 2.6213621072897406 290
1586635280058 2.621285869805853 291
1586635280058 2.6211760943278364 292
1586635280058 2.6207088461201518 293
1586635280058 2.6205109626621397 294
1586635280074 2.620410970080576 295
1586635280074 2.6202529695219896 296
1586635280074 2.6199225354285183 297
1586635280074 2.6197705583514317 298
1586635280074 2.6191028292004606 299
1586635280089 2.6189249339139167 300
1586635280089 2.6187229643248626 301
1586635280089 2.6185360053213196 302
1586635280089 2.618412803927508 303
1586635280089 2.618111337195966 304
1586635280105 2.6175467934913543 305
1586635280105 2.617442305771171 306
1586635280105 2.6172698049845766 307
1586635280105 2.6166596611716266 308
1586635280105 2.6165099181826914 309
1586635280121 2.616343504274538 310
1586635280121 2.6162467150799626 311
1586635280121 2.615471072934591 312
1586635280121 2.615021865726713 313
1586635280121 2.6143484357138456 314
1586635280121 2.613957889689736 315
1586635280136 2.6133827509795267 316
1586635280136 2.6132286577615393 317
1586635280136 2.6130824398396113 318
1586635280136 2.6129000937421716 319
1586635280136 2.612867595929973 320
1586635280152 2.6127357643103393 321
1586635280152 2.6126164922083945 322
1586635280152 2.6124490353422885 323
1586635280152 2.6122413357152547 324
1586635280152 2.611764095773393 325
1586635280167 2.6116252984983084 326
1586635280167 2.6115058180690682 327
1586635280167 2.6113508645940855 328
1586635280167 2.6105627381548784 329
1586635280167 2.610488276098072 330
1586635280183 2.6102222777654487 331
1586635280183 2.6097027578128 332
1586635280183 2.6092110060186204 333
1586635280183 2.6090953209572114 334
1586635280183 2.6089331820635135 335
1586635280183 2.608866935622545 336
1586635280199 2.6083251347532874 337
1586635280199 2.608199380494849 338
1586635280199 2.6080708612182697 339
1586635280199 2.607959891410749 340
1586635280199 2.6078460201266207 341
1586635280214 2.607683610910996 342
1586635280214 2.6075986867603786 343
1586635280214 2.607259834700074 344
1586635280214 2.60708328951451 345
1586635280214 2.6068701116649593 346
1586635280230 2.6067507988462113 347
1586635280230 2.6057826366854226 348
1586635280230 2.6052722018610646 349
1586635280230 2.6052059856918053 350
1586635280230 2.6045442318204284 351
1586635280245 2.604362361951667 352
1586635280245 2.6036401055929033 353
1586635280245 2.6034135423303515 354
