1586627749076 4.206210981155805 0
1586627749091 4.138863108913585 1
1586627749091 4.076263624489598 2
1586627749091 4.017026265465503 3
1586627749107 3.9607385927502805 4
1586627749107 3.9073565750927646 5
1586627749107 3.855313394211161 6
1586627749123 3.806417389237665 7
1586627749123 3.7581775334220633 8
1586627749123 3.712701345458369 9
1586627749138 3.669311391714162 10
1586627749138 3.62762042647023 11
1586627749138 3.587168131846669 12
1586627749154 3.548190840748296 13
1586627749154 3.510471621869311 14
1586627749154 3.473765837266553 15
1586627749154 3.439429141472264 16
1586627749154 3.406427110055112 17
1586627749170 3.3746154179448022 18
1586627749170 3.344277282221136 19
1586627749170 3.315081499060479 20
1586627749170 3.2867562626103424 21
1586627749185 3.2600710646873994 22
1586627749185 3.234761008927038 23
1586627749185 3.209923294373266 24
1586627749185 3.18642427036505 25
1586627749201 3.1634370910180847 26
1586627749201 3.1417517038759093 27
1586627749201 3.1208879590036345 28
1586627749201 3.1008522303385724 29
1586627749216 3.081730458385091 30
1586627749216 3.063739338837553 31
1586627749216 3.0465759760455624 32
1586627749216 3.0300501492116627 33
1586627749232 3.014098293635699 34
1586627749232 2.9989196039392083 35
1586627749232 2.984272228136284 36
1586627749232 2.970381250271962 37
1586627749232 2.9575814282789454 38
1586627749248 2.9449439795022703 39
1586627749248 2.933160999189913 40
1586627749248 2.9212417268733724 41
1586627749248 2.9104528876984763 42
1586627749263 2.9000233137259075 43
1586627749263 2.8897863803694963 44
1586627749263 2.880506290672741 45
1586627749263 2.8711769342440436 46
1586627749279 2.8623771650864662 47
1586627749279 2.8539023954883125 48
1586627749279 2.845694108596072 49
1586627749279 2.838276623258155 50
1586627749294 2.8310837994411155 51
1586627749294 2.824098753377469 52
1586627749294 2.8176032387731067 53
1586627749294 2.81130142449103 54
1586627749294 2.805424287529645 55
1586627749310 2.7998035582987373 56
1586627749310 2.794610026295954 57
1586627749310 2.7892471594484625 58
1586627749310 2.7845206383480354 59
1586627749326 2.779920319192587 60
1586627749326 2.7753054773312247 61
1586627749326 2.7711649258724718 62
1586627749326 2.7673346065668554 63
1586627749326 2.7635154990353232 64
1586627749341 2.7598997638172573 65
1586627749341 2.756450395481015 66
1586627749341 2.753239757470449 67
1586627749341 2.7500708728421155 68
1586627749357 2.7470509033929114 69
1586627749357 2.743415552466846 70
1586627749357 2.7406987598532875 71
1586627749357 2.737945516529775 72
1586627749357 2.735404791761066 73
1586627749373 2.7330232007471085 74
1586627749373 2.730693771307061 75
1586627749373 2.7285240538826216 76
1586627749373 2.7263220138333 77
1586627749388 2.7244223656606374 78
1586627749388 2.7224167966067583 79
1586627749388 2.7205580266721596 80
1586627749388 2.718788105105747 81
1586627749388 2.717208941285703 82
1586627749404 2.7155742233670193 83
1586627749404 2.713546383344184 84
1586627749404 2.7121210281594905 85
1586627749404 2.710653339737254 86
1586627749419 2.70907958922153 87
1586627749419 2.7078288816693448 88
1586627749419 2.7066121430333037 89
1586627749419 2.704136852576473 90
1586627749435 2.70242694443903 91
1586627749435 2.7011008728600094 92
1586627749435 2.699818373216975 93
1586627749435 2.6989309911432686 94
1586627749435 2.6978390419183453 95
1586627749451 2.6966629643035427 96
1586627749451 2.6954376433380856 97
1586627749451 2.6933884900686365 98
1586627749451 2.6920456892388174 99
1586627749466 2.690046810026283 100
1586627749466 2.6880578488906703 101
1586627749466 2.687364805341802 102
1586627749466 2.6866833852829277 103
1586627749466 2.6858519734928725 104
1586627749482 2.6845919475329776 105
1586627749482 2.6838015444014456 106
1586627749482 2.6831922555097245 107
1586627749482 2.6823945455254927 108
1586627749498 2.680324217439254 109
1586627749498 2.6798281615605797 110
1586627749498 2.6782182004203285 111
1586627749498 2.6777015716848616 112
1586627749498 2.6767305447079717 113
1586627749513 2.6761052838597585 114
1586627749513 2.6756436246069253 115
1586627749513 2.674866169044644 116
1586627749513 2.6743143040860073 117
1586627749529 2.6736145053172264 118
1586627749529 2.672147840573895 119
1586627749529 2.671046077808151 120
1586627749529 2.6706455470916874 121
1586627749529 2.670303770364527 122
1586627749544 2.669531454117911 123
1586627749544 2.668419311282278 124
1586627749544 2.6681410134010575 125
1586627749544 2.6669448035935535 126
1586627749544 2.6664279068155214 127
1586627749560 2.665768301282148 128
1586627749560 2.6653593111376375 129
1586627749560 2.6650171739204693 130
1586627749560 2.6643515400976776 131
1586627749576 2.663942621748843 132
1586627749576 2.6637407472046952 133
1586627749576 2.6633942162911333 134
1586627749576 2.663045029967164 135
1586627749576 2.662637135467492 136
1586627749591 2.6622576408751 137
1586627749591 2.6619811726204814 138
1586627749591 2.661772660066429 139
1586627749591 2.6614486554116734 140
1586627749607 2.6605685951159503 141
1586627749607 2.6600508789992032 142
1586627749607 2.6597798771768484 143
1586627749607 2.6595090187685937 144
1586627749607 2.659111220895391 145
1586627749623 2.6587259429058663 146
1586627749623 2.658388586078586 147
1586627749623 2.6581365083667654 148
1586627749623 2.657429535410013 149
1586627749623 2.656352869580516 150
1586627749638 2.6556057036962475 151
1586627749638 2.655049024563069 152
1586627749638 2.6547716003057094 153
1586627749638 2.654634703411723 154
1586627749654 2.654416725802678 155
1586627749654 2.6540633952245907 156
1586627749654 2.6535024802119076 157
1586627749654 2.653240594621363 158
1586627749654 2.6522896036443004 159
1586627749669 2.651959079528664 160
1586627749669 2.651693013539141 161
1586627749669 2.6509403914187595 162
1586627749669 2.6507424958334918 163
1586627749669 2.6499473594289524 164
1586627749685 2.649286607395814 165
1586627749685 2.649018350858513 166
1586627749685 2.6488138110036274 167
1586627749685 2.64822116333158 168
1586627749685 2.6479650125193492 169
1586627749701 2.6478223140482267 170
1586627749701 2.6474662203138943 171
1586627749701 2.6472962062033445 172
1586627749701 2.646963224694413 173
1586627749716 2.64622769252783 174
1586627749716 2.6460606007423415 175
1586627749716 2.6457486915273654 176
1586627749716 2.645603691230788 177
1586627749716 2.645382240322542 178
1586627749732 2.6451752108580218 179
1586627749732 2.6449674656768276 180
1586627749732 2.644777752746635 181
1586627749732 2.6445311242248417 182
1586627749732 2.644420284856327 183
1586627749748 2.644171303765229 184
1586627749748 2.643948500322227 185
1586627749748 2.643288640507339 186
1586627749748 2.642946680891362 187
1586627749748 2.642697432101196 188
1586627749763 2.64241232513739 189
1586627749763 2.642093983219352 190
1586627749763 2.64190086915397 191
1586627749763 2.6416955076923756 192
1586627749763 2.6414845966205425 193
1586627749779 2.641319445834712 194
1586627749779 2.641018237921603 195
1586627749779 2.6401211908138866 196
1586627749779 2.6396378893044585 197
1586627749779 2.6388051334778195 198
1586627749794 2.638607214844509 199
1586627749797 2.6383469334602845 200
1586627749797 2.6378252315565414 201
1586627749797 2.637165884912616 202
1586627749808 2.6369535640170643 203
1586627749808 2.6367950580908155 204
1586627749808 2.6366321583296104 205
1586627749808 2.6363928408152524 206
1586627749823 2.636076831541249 207
1586627749823 2.635932378276836 208
1586627749823 2.6353346958845463 209
1586627749839 2.6347122341344584 210
1586627749839 2.6339659178608787 211
1586627749839 2.633116321964924 212
1586627749839 2.6329526172244817 213
1586627749854 2.6327725249413234 214
1586627749854 2.632442302170602 215
1586627749854 2.6322920596163724 216
1586627749854 2.6319364473899105 217
1586627749870 2.631165171370514 218
1586627749870 2.630928611790399 219
1586627749870 2.6305801808969957 220
1586627749870 2.6303630856157825 221
1586627749889 2.630182503350844 222
1586627749891 2.6298070855703015 223
1586627749891 2.6291201450197903 224
1586627749891 2.6289555511741116 225
1586627749906 2.628747528693256 226
1586627749906 2.628628459615718 227
1586627749906 2.6282427667937736 228
1586627749906 2.628057893086821 229
1586627749922 2.6272943981079213 230
1586627749922 2.6269640194407757 231
1586627749922 2.6267749546904335 232
1586627749922 2.6264055451651354 233
1586627749937 2.626160616806722 234
1586627749937 2.625889541088588 235
1586627749937 2.625617868778171 236
1586627749937 2.6252286586764724 237
1586627749953 2.625030997898751 238
1586627749953 2.6248066351302812 239
1586627749953 2.6242652532421498 240
1586627749953 2.6241373468910076 241
1586627749969 2.6239858483103267 242
1586627749969 2.6231107923489096 243
1586627749969 2.622844593864807 244
1586627749969 2.6225663993229826 245
1586627749984 2.622455081823439 246
1586627749984 2.6222984615485245 247
1586627749984 2.6221887265569204 248
1586627750000 2.6219742349565722 249
1586627750000 2.621624323590014 250
1586627750000 2.621448832602657 251
1586627750000 2.621320050399872 252
1586627750016 2.621108595540404 253
1586627750016 2.620852756009024 254
1586627750016 2.620683765394929 255
1586627750016 2.620517997569585 256
1586627750031 2.620177396769721 257
1586627750031 2.6195726373815518 258
1586627750031 2.6193645691293965 259
1586627750031 2.6193062941492027 260
1586627750047 2.6191890460487905 261
1586627750047 2.6191140637131847 262
1586627750047 2.6186789062910405 263
1586627750047 2.6184886183922695 264
1586627750062 2.618098179194612 265
1586627750062 2.6176399075578227 266
1586627750062 2.6173051933198406 267
1586627750062 2.6170942249040747 268
1586627750078 2.6169215955783063 269
1586627750078 2.6166572121664986 270
1586627750078 2.616286327098917 271
1586627750078 2.616108200775671 272
1586627750095 2.615973650379351 273
1586627750095 2.615699695937426 274
1586627750095 2.6152610610643827 275
1586627750095 2.6150138935176805 276
1586627750095 2.6147503855987684 277
1586627750111 2.6142112558625445 278
1586627750111 2.614066770616937 279
1586627750111 2.6137318156173923 280
1586627750111 2.6136503079494378 281
1586627750126 2.6135092933455986 282
1586627750126 2.6132414349768838 283
1586627750126 2.612405019255915 284
1586627750126 2.612000504982436 285
1586627750142 2.611900922517959 286
1586627750142 2.611768122035093 287
1586627750142 2.610921393669123 288
1586627750142 2.610584052109466 289
1586627750157 2.6105154031260596 290
1586627750157 2.610287158482425 291
1586627750157 2.610056289791189 292
1586627750157 2.609844532086756 293
1586627750173 2.6097064747670085 294
1586627750173 2.609546779911468 295
1586627750173 2.6091324818291484 296
1586627750173 2.6089226191610546 297
1586627750189 2.6088779293220012 298
1586627750189 2.608709504367573 299
1586627750189 2.608381906760483 300
1586627750189 2.6076679137785725 301
1586627750204 2.6070004755360663 302
1586627750204 2.6060692379962243 303
1586627750204 2.6057799924748344 304
1586627750204 2.6051138175282524 305
1586627750204 2.6048740723020876 306
1586627750220 2.604761129469056 307
1586627750220 2.6043656242282394 308
1586627750220 2.6042766530189065 309
1586627750220 2.6040286452246098 310
1586627750235 2.6039496492248437 311
1586627750235 2.6038416494119834 312
1586627750235 2.6036068518310924 313
1586627750235 2.6034966001740916 314
1586627750251 2.603363339036553 315
1586627750251 2.6032496430266217 316
1586627750251 2.6031191310729493 317
1586627750251 2.6030196461090047 318
1586627750251 2.6029041521968153 319
1586627750267 2.6027505667640534 320
1586627750267 2.602602717548607 321
1586627750267 2.602472482320173 322
1586627750267 2.6024005468897844 323
1586627750282 2.6022852827089973 324
1586627750282 2.6018808153364827 325
1586627750282 2.6016258610133027 326
1586627750282 2.601533651406956 327
1586627750298 2.6011319996517317 328
1586627750298 2.6009909871703627 329
1586627750298 2.600799227965743 330
1586627750298 2.6005152632206623 331
1586627750314 2.6003268866519 332
1586627750314 2.599782243506224 333
1586627750314 2.5992073801588402 334
1586627750314 2.599071100620445 335
1586627750314 2.598821856960584 336
1586627750329 2.598526566465307 337
1586627750329 2.598108829041371 338
1586627750329 2.597408513673631 339
1586627750329 2.5973257432759094 340
1586627750345 2.5969412952477122 341
1586627750345 2.596475701107342 342
1586627750345 2.596414648991398 343
1586627750345 2.5959034198794955 344
1586627750345 2.5958464766477527 345
1586627750360 2.595448771463016 346
1586627750360 2.5954150346285942 347
1586627750360 2.5948600706201703 348
1586627750360 2.5943864570214745 349
1586627750376 2.593968179733007 350
1586627750376 2.593784017302613 351
1586627750376 2.5934904533628798 352
1586627750376 2.5931905741082972 353
1586627750376 2.593130273299391 354
1586627750392 2.592720454464297 355
1586627750392 2.592615284494413 356
1586627750392 2.5924942594554117 357
1586627750392 2.5918148683863382 358
1586627750407 2.59161173066052 359
1586627750407 2.5911688776717137 360
1586627750407 2.5904224250644687 361
1586627750407 2.5901789987666684 362
1586627750423 2.590124660963836 363
1586627750423 2.590024151398078 364
1586627750423 2.589650087045645 365
1586627750423 2.589530038719976 366
1586627750423 2.589050835292755 367
1586627750439 2.5889103523390213 368
1586627750439 2.588621568005939 369
1586627750439 2.5881323366743243 370
1586627750439 2.5880295682557297 371
1586627750454 2.5878933740080634 372
1586627750454 2.587851213499875 373
1586627750454 2.5874677512809177 374
1586627750454 2.5868285906372432 375
1586627750454 2.5866148704064513 376
1586627750470 2.5863875907732043 377
1586627750470 2.5862238199996708 378
1586627750470 2.586075014619108 379
1586627750470 2.5860148580108717 380
1586627750485 2.5859701124052745 381
1586627750485 2.585818186697826 382
1586627750485 2.585691987329529 383
1586627750485 2.5855939423391185 384
1586627750485 2.5855413786657504 385
1586627750501 2.585331830868922 386
1586627750501 2.585231547098195 387
1586627750501 2.5846822143624353 388
1586627750501 2.5845769831467473 389
1586627750501 2.5844268867354585 390
1586627750517 2.583747307351881 391
1586627750517 2.5837112953387744 392
1586627750517 2.5835856914978854 393
1586627750517 2.5834945092108894 394
1586627750532 2.583372194955379 395
1586627750532 2.5832575610865174 396
1586627750532 2.5831995473835447 397
1586627750532 2.583051526587075 398
1586627750532 2.5828013841736905 399
1586627750548 2.582723324974962 400
1586627750548 2.5826103343644857 401
1586627750548 2.582499909409239 402
1586627750548 2.5824157506395795 403
1586627750548 2.5823134700254142 404
1586627750564 2.582191537329447 405
1586627750564 2.5821242648688885 406
1586627750564 2.5820637260672252 407
1586627750564 2.5818547956617275 408
1586627750579 2.5817573018292155 409
1586627750579 2.5816751611667637 410
1586627750579 2.5815143990528178 411
1586627750579 2.5814191317897026 412
1586627750579 2.581340544977976 413
1586627750595 2.581265657701724 414
1586627750595 2.580935263484845 415
1586627750595 2.5807406334970255 416
1586627750595 2.5803892939479303 417
1586627750595 2.5802631456865153 418
1586627750610 2.5797790361515585 419
1586627750610 2.5791901080566957 420
1586627750610 2.578714599486145 421
1586627750610 2.578157174185047 422
1586627750610 2.577883625838676 423
1586627750626 2.5777609446807963 424
1586627750626 2.5775800591393336 425
1586627750626 2.5775288192510994 426
1586627750636 2.5770304566150775 427
1586627750636 2.5769685118183463 428
1586627750636 2.5768208309296416 429
1586627750636 2.576604788460983 430
1586627750636 2.5765062269027244 431
1586627750652 2.5764246744390147 432
1586627750652 2.576199981611333 433
1586627750652 2.5761003681173693 434
1586627750652 2.57581685479238 435
1586627750652 2.575711146411078 436
1586627750667 2.5752791202320244 437
1586627750667 2.575194161060084 438
1586627750667 2.575116161257219 439
1586627750667 2.574876419521936 440
1586627750667 2.574665303576198 441
1586627750683 2.5746397464746726 442
1586627750683 2.574124694217291 443
1586627750683 2.573917583093862 444
1586627750683 2.5735895875915986 445
1586627750683 2.5732393425927453 446
1586627750699 2.573113335160745 447
1586627750699 2.5727841826419784 448
1586627750699 2.5725471594267426 449
1586627750699 2.5723533587134004 450
1586627750699 2.5718439443381738 451
1586627750714 2.5714316121355814 452
1586627750714 2.5710677738935734 453
1586627750714 2.5709654040411722 454
1586627750714 2.570888763060789 455
1586627750714 2.5706291572728106 456
1586627750730 2.5705275884526055 457
1586627750730 2.5701876705824405 458
1586627750730 2.5701379487559777 459
1586627750730 2.5698930619381772 460
1586627750746 2.5698362119197773 461
1586627750746 2.5697688433944905 462
1586627750746 2.569629654421156 463
1586627750746 2.5695444788703754 464
1586627750746 2.569507728203789 465
1586627750761 2.569421821561561 466
1586627750761 2.5693799963629904 467
1586627750761 2.5693033534726477 468
1586627750761 2.569167575930314 469
1586627750761 2.5690995375228316 470
1586627750777 2.569027887889709 471
1586627750777 2.5689295474455127 472
1586627750777 2.5688064882811403 473
1586627750787 2.5686757347764213 474
1586627750787 2.56857626512313 475
1586627750787 2.568454181357015 476
1586627750787 2.5683195420734832 477
1586627750787 2.5682472661613747 478
1586627750803 2.5681308555478792 479
1586627750803 2.5676820943528575 480
1586627750803 2.567644750752576 481
1586627750803 2.567582339712628 482
1586627750803 2.5674361656616305 483
1586627750818 2.566970358988497 484
1586627750818 2.5665875091850374 485
1586627750818 2.5665651279906467 486
1586627750818 2.566487709450459 487
1586627750818 2.5664216511393 488
1586627750834 2.56630218864351 489
1586627750834 2.5658190403173067 490
1586627750834 2.56572562461658 491
1586627750834 2.565689841254262 492
1586627750834 2.5656376725859498 493
1586627750849 2.5652245640219467 494
1586627750849 2.5651110373135 495
1586627750849 2.565025053834697 496
1586627750849 2.5649997576412376 497
1586627750849 2.5649422143896574 498
1586627750865 2.5648610478398024 499
1586627750865 2.5646874126725168 500
1586627750865 2.564078133500354 501
1586627750865 2.563851611107078 502
1586627750865 2.563767036578053 503
1586627750881 2.563637873273616 504
1586627750881 2.5635528871467583 505
1586627750881 2.563087127307766 506
1586627750881 2.563029565933106 507
1586627750881 2.5629488750665548 508
1586627750896 2.5628886340751174 509
1586627750896 2.562847535064789 510
1586627750896 2.5626909404329044 511
1586627750896 2.562641466198387 512
1586627750896 2.562589493530103 513
1586627750912 2.562393090389503 514
1586627750912 2.5617230156377535 515
1586627750912 2.561340166130154 516
1586627750912 2.5612612493717535 517
1586627750912 2.5608925880176874 518
1586627750928 2.560728415992772 519
1586627750928 2.5603285436281924 520
1586627750928 2.5598579490349187 521
1586627750928 2.5596092970642252 522
1586627750928 2.5595509198769624 523
1586627750943 2.559108753798453 524
1586627750943 2.5586674650714714 525
1586627750943 2.558561567067137 526
1586627750943 2.558449417214307 527
1586627750943 2.5583390872117895 528
1586627750943 2.5582912207166877 529
1586627750959 2.558215316087132 530
1586627750959 2.558164154051318 531
1586627750959 2.558019194196425 532
1586627750959 2.5579572565717212 533
1586627750959 2.5578782433575045 534
1586627750974 2.5577247851482037 535
1586627750974 2.5576961114808405 536
1586627750974 2.557316316221454 537
1586627750974 2.5565940745251807 538
1586627750974 2.556244271305199 539
1586627750991 2.555724467604118 540
1586627750994 2.555322661096505 541
1586627750997 2.5551288415360456 542
1586627751000 2.554664977991516 543
1586627751003 2.5542668933146544 544
1586627751006 2.554239612568904 545
1586627751010 2.5538029095242263 546
1586627751013 2.5535839828978233 547
1586627751014 2.553381812948157 548
1586627751014 2.5533310269699934 549
1586627751014 2.5532776099404444 550
1586627751014 2.5531315545495055 551
1586627751014 2.552953911783374 552
1586627751030 2.5528573691586653 553
1586627751030 2.55278983813203 554
1586627751030 2.552737400577766 555
1586627751030 2.552582289441587 556
1586627751030 2.5525475304525824 557
1586627751046 2.552505287478803 558
1586627751046 2.552410998168253 559
1586627751046 2.552117382784419 560
1586627751046 2.5518091700358227 561
1586627751046 2.5517311103893547 562
1586627751061 2.551133106008552 563
1586627751061 2.550552768668388 564
1586627751061 2.5505028901286804 565
1586627751061 2.5504691484702593 566
1586627751061 2.550408004888675 567
1586627751077 2.5502338799445172 568
1586627751077 2.5499556157086567 569
1586627751077 2.549787455179126 570
1586627751077 2.549596431708909 571
1586627751077 2.549287443733453 572
1586627751093 2.549113422944833 573
1586627751093 2.549046207902329 574
1586627751093 2.548878959141129 575
1586627751093 2.5488548228152554 576
1586627751093 2.5487486014880383 577
1586627751093 2.548618505221761 578
1586627751108 2.548400863022541 579
1586627751108 2.5480188545234723 580
1586627751108 2.5476446926158154 581
1586627751108 2.5474277344621115 582
1586627751108 2.5467533266917943 583
1586627751124 2.5462704617797343 584
1586627751124 2.5456492899292145 585
1586627751124 2.54559638205172 586
1586627751124 2.5451742953770333 587
1586627751124 2.5450437515444015 588
1586627751139 2.544980637551473 589
1586627751139 2.5442753116909915 590
1586627751139 2.5436067826247664 591
1586627751139 2.5435668979368606 592
1586627751139 2.543496663595849 593
1586627751155 2.543399591196207 594
1586627751155 2.5433561901182395 595
1586627751155 2.5433063913189984 596
1586627751155 2.5430299614944727 597
1586627751155 2.5428276731999473 598
1586627751155 2.5421517249626486 599
1586627751171 2.5420197388967143 600
1586627751171 2.5418337142969105 601
1586627751171 2.541680895430241 602
1586627751171 2.5416338335747333 603
1586627751171 2.5415659835778013 604
1586627751186 2.541493963486706 605
1586627751186 2.5414315351713976 606
1586627751186 2.5413298235776436 607
1586627751186 2.5411362124895023 608
1586627751186 2.5409923580572786 609
1586627751202 2.5407786807334434 610
1586627751202 2.540376274377833 611
1586627751202 2.540267116183117 612
1586627751202 2.5401818045006057 613
1586627751202 2.540145646859988 614
1586627751202 2.5401033874263446 615
1586627751217 2.5400399526297344 616
1586627751217 2.539853061233801 617
1586627751217 2.5394245611925603 618
1586627751217 2.539400214340406 619
1586627751217 2.5393943259533254 620
1586627751233 2.5391539555062312 621
1586627751235 2.5386823283294584 622
1586627751235 2.5386004345723805 623
1586627751235 2.5385762037229433 624
1586627751235 2.538530167932815 625
1586627751235 2.538477883656819 626
1586627751250 2.5384704974375056 627
1586627751250 2.5383714714055836 628
1586627751250 2.5383277812906697 629
1586627751250 2.538287081926805 630
1586627751250 2.5381802579304718 631
1586627751266 2.538107593544467 632
1586627751266 2.538018923062456 633
1586627751266 2.537908314124915 634
1586627751266 2.5378275847978555 635
1586627751266 2.5375246698548186 636
1586627751266 2.5374785241126574 637
1586627751281 2.537371897422162 638
1586627751281 2.537339342530189 639
1586627751281 2.537267804770906 640
1586627751281 2.537210984485462 641
1586627751281 2.537122281859289 642
1586627751297 2.5369041952998215 643
1586627751297 2.536847571716849 644
1586627751297 2.5367678360816153 645
1586627751297 2.536671198801863 646
1586627751297 2.5366473519710624 647
1586627751313 2.536579062620202 648
1586627751313 2.5365202372214624 649
1586627751313 2.536313937031921 650
1586627751313 2.536226619280892 651
1586627751313 2.5358607540353906 652
1586627751313 2.535803416512328 653
1586627751328 2.5357404742916194 654
1586627751328 2.5356283629385947 655
1586627751328 2.535508159522868 656
1586627751328 2.5353072219133863 657
1586627751328 2.5352434400033896 658
1586627751344 2.5350534631634383 659
1586627751344 2.535000039406045 660
1586627751344 2.5349553584721303 661
1586627751344 2.534822885431146 662
1586627751344 2.5347718816526412 663
1586627751360 2.5341161030095236 664
