1586622930117 4.262755537023681 0
1586622930124 4.159283055881695 1
1586622930126 4.0633056105216205 2
1586622930126 3.975887758714166 3
1586622930126 3.8940697808648777 4
1586622930141 3.818516872353355 5
1586622930141 3.745764626934807 6
1586622930141 3.6792908553566352 7
1586622930157 3.6150596009845724 8
1586622930157 3.5597214067508283 9
1586622930157 3.5041283219933956 10
1586622930172 3.4538321765454234 11
1586622930172 3.40570982611772 12
1586622930172 3.358714095514239 13
1586622930188 3.3151653340382254 14
1586622930188 3.273746870013064 15
1586622930188 3.2360298053739878 16
1586622930188 3.200330051831073 17
1586622930204 3.1666856547439335 18
1586622930204 3.1357589775433965 19
1586622930204 3.1067388453298705 20
1586622930204 3.078971070074654 21
1586622930219 3.052825266868403 22
1586622930219 3.0279587647492066 23
1586622930219 3.0051844957026206 24
1586622930219 2.9835916550516686 25
1586622930235 2.964624253327435 26
1586622930235 2.945791565105574 27
1586622930235 2.9281484276566254 28
1586622930235 2.911800695855688 29
1586622930235 2.8971323836886347 30
1586622930251 2.8836858965247094 31
1586622930251 2.8713230779446937 32
1586622930251 2.859589710066176 33
1586622930251 2.8485066479198697 34
1586622930266 2.8382461589812755 35
1586622930266 2.8283752928095343 36
1586622930266 2.8190900000205303 37
1586622930266 2.8117337898625534 38
1586622930282 2.803419873963029 39
1586622930282 2.7960160799663374 40
1586622930282 2.7886867231521784 41
1586622930282 2.7828644630554056 42
1586622930282 2.777392476427936 43
1586622930297 2.7725923505784595 44
1586622930297 2.7677423699679222 45
1586622930297 2.763262277052185 46
1586622930297 2.759420727390967 47
1586622930313 2.7543177777545553 48
1586622930313 2.750673182708918 49
1586622930313 2.7480431251560695 50
1586622930313 2.7449884272221734 51
1586622930329 2.741939784800393 52
1586622930330 2.7391073882536565 53
1586622930330 2.7371977580823663 54
1586622930330 2.73508027852331 55
1586622930330 2.732490858881325 56
1586622930346 2.730577900138567 57
1586622930346 2.7283466519227115 58
1586622930346 2.727022898051677 59
1586622930346 2.725237815839023 60
1586622930361 2.723261586494302 61
1586622930361 2.7212233243556962 62
1586622930361 2.719782501274795 63
1586622930361 2.7158831556143257 64
1586622930377 2.713828248511752 65
1586622930377 2.7125085504164197 66
1586622930377 2.711121166430087 67
1586622930392 2.709844317528472 68
1586622930392 2.7081037717811762 69
1586622930392 2.707438045702303 70
1586622930392 2.706784526167089 71
1586622930392 2.7042420762264117 72
1586622930408 2.7036583185256124 73
1586622930408 2.7028966839018183 74
1586622930408 2.7023283344582953 75
1586622930408 2.7017249160709693 76
1586622930424 2.699666529238539 77
1586622930424 2.6976822831637257 78
1586622930424 2.696750715284796 79
1586622930424 2.6962545351423466 80
1586622930424 2.6955322821017322 81
1586622930439 2.69488360560176 82
1586622930439 2.694172219218623 83
1586622930439 2.693546403485137 84
1586622930439 2.691433353766818 85
1586622930455 2.6898315850227696 86
1586622930455 2.688659947017932 87
1586622930455 2.688300993237445 88
1586622930455 2.6862346409609397 89
1586622930455 2.684934506518534 90
1586622930470 2.6839649276465862 91
1586622930470 2.6832788065798354 92
1586622930470 2.683074111931021 93
1586622930470 2.6822277760832636 94
1586622930486 2.6806802051885605 95
1586622930486 2.6800292458217014 96
1586622930486 2.6797092980530492 97
1586622930486 2.6789831484474904 98
1586622930486 2.677880966065873 99
1586622930502 2.676655984474177 100
1586622930502 2.6754049543358875 101
1586622930502 2.6747938154499713 102
1586622930502 2.6747463310950454 103
1586622930517 2.674380052081461 104
1586622930517 2.6741907992417926 105
1586622930517 2.673797773126805 106
1586622930517 2.6721652508296065 107
1586622930517 2.670789451229395 108
1586622930533 2.6703538016284876 109
1586622930533 2.6696114828072517 110
1586622930533 2.669274561793742 111
1586622930533 2.669085803492774 112
1586622930549 2.6682114716784526 113
1586622930549 2.6679201701867146 114
1586622930549 2.6666432370106063 115
1586622930549 2.666004316196704 116
1586622930549 2.665052872809611 117
1586622930567 2.664817389571076 118
1586622930567 2.6645595304375282 119
1586622930567 2.6643137474671934 120
1586622930567 2.66357647227511 121
1586622930567 2.6632901420911215 122
1586622930582 2.6621503089506438 123
1586622930582 2.661767838681794 124
1586622930582 2.6614598586757134 125
1586622930582 2.6612095282011436 126
1586622930582 2.6603100026822717 127
1586622930598 2.6599590361920398 128
1586622930598 2.659615161759594 129
1586622930598 2.6593002026036534 130
1586622930598 2.658129112582586 131
1586622930614 2.656910224543055 132
1586622930614 2.6566983976405436 133
1586622930614 2.656547221229421 134
1586622930614 2.6561753558099914 135
1586622930614 2.6554765383053964 136
1586622930629 2.6550618199869715 137
1586622930629 2.654593604933929 138
1586622930629 2.654041197407154 139
1586622930629 2.6535005963292835 140
1586622930629 2.6531141615296563 141
1586622930645 2.65288389442412 142
1586622930645 2.6520064634418463 143
1586622930645 2.6515646276238463 144
1586622930645 2.651350526858557 145
1586622930661 2.6508993342298606 146
1586622930661 2.649857211353616 147
1586622930661 2.6495278819385426 148
1586622930661 2.649249712924821 149
1586622930661 2.6487818937889673 150
1586622930676 2.648458275953254 151
1586622930676 2.6480537708783225 152
1586622930676 2.647786010856255 153
1586622930676 2.6472685356269383 154
1586622930676 2.646613648851167 155
1586622930692 2.646158801865656 156
1586622930692 2.645937454270767 157
1586622930692 2.645743367793071 158
1586622930692 2.645334653681003 159
1586622930707 2.6448071860399596 160
1586622930707 2.643807598303957 161
1586622930707 2.6436083718544117 162
1586622930707 2.643568199561368 163
1586622930707 2.6427508058065547 164
1586622930723 2.641637668244814 165
1586622930723 2.641321858284755 166
1586622930723 2.641057961671476 167
1586622930723 2.640761778761453 168
1586622930723 2.6404747865465974 169
1586622930739 2.6401386947202714 170
1586622930739 2.6398969997003783 171
1586622930739 2.6395558001724404 172
1586622930739 2.639189313969945 173
1586622930754 2.638806514659829 174
1586622930754 2.6384970091003788 175
1586622930754 2.637098078073831 176
1586622930754 2.636888946539578 177
1586622930754 2.6363095087203945 178
1586622930770 2.635972633459196 179
1586622930771 2.63430797192576 180
1586622930771 2.6338088253062986 181
1586622930771 2.632693744445602 182
1586622930771 2.632409267645227 183
1586622930771 2.6320441030091346 184
1586622930787 2.6315815361415917 185
1586622930787 2.631381573401103 186
1586622930787 2.6307039347999615 187
1586622930787 2.6296077801119258 188
1586622930802 2.6281281039324442 189
1586622930802 2.627930990191588 190
1586622930802 2.627686216083797 191
1586622930802 2.6273694724091574 192
1586622930802 2.6263174556314097 193
1586622930818 2.6252452616690847 194
1586622930818 2.6250334322462705 195
1586622930818 2.6247001929884206 196
1586622930818 2.624045501320729 197
1586622930818 2.6237783814474187 198
1586622930834 2.6230709372687238 199
1586622930834 2.6225562647159486 200
1586622930834 2.6221713104852706 201
1586622930834 2.6216500957328157 202
1586622930834 2.6208575188320187 203
1586622930849 2.620049042246065 204
1586622930849 2.6196402619237382 205
1586622930849 2.619343625351909 206
1586622930849 2.6192798111248523 207
1586622930849 2.619032626004095 208
1586622930865 2.6186490758445404 209
1586622930865 2.618431775572136 210
1586622930865 2.617817967990029 211
1586622930865 2.616854170702023 212
1586622930865 2.6166052767245045 213
1586622930881 2.6160636651437663 214
1586622930881 2.6157676272145514 215
1586622930881 2.6156543603824307 216
1586622930881 2.615562328184004 217
1586622930881 2.615332185313081 218
1586622930896 2.6152354280121846 219
1586622930896 2.6144867826963583 220
1586622930896 2.6137777213020086 221
1586622930896 2.612941361372574 222
1586622930896 2.612472241868352 223
1586622930912 2.6122561537340405 224
1586622930912 2.6115866140501707 225
1586622930912 2.6108981029611904 226
1586622930912 2.610454564519489 227
1586622930912 2.6099439119687684 228
1586622930927 2.6093601781436355 229
1586622930927 2.608409711123501 230
1586622930927 2.608370931163293 231
1586622930927 2.607479440445835 232
1586622930927 2.6072880706000845 233
1586622930943 2.6067015703542893 234
1586622930943 2.606587105072935 235
1586622930943 2.6049645854341734 236
1586622930943 2.6045572279224665 237
1586622930943 2.6037774231073674 238
1586622930959 2.6036209990182426 239
1586622930959 2.6022430478969776 240
1586622930959 2.6019850268372156 241
1586622930959 2.601761217550267 242
1586622930959 2.6015671008700543 243
1586622930959 2.601012639440933 244
1586622930974 2.5998291098396185 245
1586622930974 2.599549771400895 246
1586622930974 2.599505138092751 247
1586622930974 2.5984803724187433 248
1586622930974 2.598254045250482 249
1586622930990 2.59803418451902 250
1586622930990 2.5979021967101117 251
1586622930990 2.5977577467972375 252
1586622930990 2.5976478207834472 253
1586622931005 2.597111900180199 254
1586622931005 2.596932714490404 255
1586622931005 2.5967579947934616 256
1586622931005 2.5965222276070503 257
1586622931005 2.596158923787409 258
1586622931005 2.5954744164642323 259
1586622931021 2.5944889975802052 260
1586622931021 2.593698644503786 261
1586622931021 2.5925016339137708 262
1586622931021 2.592264088923258 263
1586622931021 2.5914830097631536 264
1586622931037 2.591371416858979 265
1586622931037 2.5905706803715933 266
1586622931037 2.5903218527781204 267
1586622931037 2.5902679722073274 268
1586622931037 2.5901593304756685 269
1586622931052 2.5891705475495623 270
1586622931052 2.588262991312194 271
1586622931052 2.587462503682569 272
1586622931052 2.587196408331277 273
1586622931052 2.586887724654015 274
1586622931068 2.586785412528662 275
1586622931068 2.5863590120867275 276
1586622931068 2.5862818464902877 277
1586622931068 2.5861699029001777 278
1586622931068 2.5857103426370966 279
1586622931084 2.5847546425161783 280
1586622931084 2.584654255154508 281
1586622931084 2.5844478427772204 282
1586622931084 2.5836216467909194 283
1586622931084 2.5831817701698787 284
1586622931084 2.5831107881347104 285
1586622931099 2.5829168857644205 286
1586622931099 2.582244846277431 287
1586622931099 2.5813615377318118 288
1586622931099 2.581211908576522 289
1586622931099 2.5810853139761343 290
1586622931115 2.5807920593719076 291
1586622931115 2.5804130879503093 292
1586622931115 2.579346682793928 293
1586622931115 2.5790146640866163 294
1586622931115 2.5789177144822903 295
1586622931130 2.5786805397983845 296
1586622931130 2.578405880428029 297
1586622931130 2.578146977739859 298
1586622931130 2.5779147054939187 299
1586622931130 2.5773408336505756 300
1586622931130 2.576657365887439 301
1586622931146 2.576195817102393 302
1586622931146 2.5759808551294237 303
1586622931146 2.5757781603747967 304
1586622931146 2.5755846391978006 305
1586622931146 2.5750894264743134 306
1586622931162 2.574787936543685 307
1586622931162 2.5745071950888847 308
1586622931162 2.574332830537655 309
1586622931162 2.572857780194512 310
1586622931162 2.572377556095058 311
1586622931177 2.5719643978332574 312
1586622931177 2.570884337671045 313
1586622931177 2.5702083855408366 314
1586622931177 2.569980892173341 315
1586622931177 2.5694022545232507 316
1586622931177 2.5691380299778843 317
1586622931193 2.5680313117092215 318
1586622931193 2.567810641732684 319
1586622931193 2.5677060914151233 320
1586622931193 2.567572851828594 321
1586622931193 2.5673533286034407 322
1586622931209 2.567192890264165 323
1586622931209 2.5670116348118963 324
1586622931209 2.5667365509321316 325
1586622931209 2.56662710479124 326
1586622931209 2.566458968583368 327
1586622931224 2.5661569588491253 328
1586622931224 2.56599446572905 329
1586622931224 2.565688433189467 330
1586622931224 2.565381728297402 331
1586622931224 2.564986633566834 332
1586622931224 2.564681870332807 333
1586622931240 2.56429342966572 334
1586622931240 2.5640437964731735 335
1586622931240 2.5638881183463473 336
1586622931240 2.563682591317496 337
1586622931240 2.56336560732848 338
1586622931255 2.56320274378739 339
1586622931255 2.563075666173372 340
1586622931255 2.562997132119782 341
1586622931255 2.5629304939052098 342
1586622931255 2.5627584162017074 343
1586622931255 2.5626435388687794 344
1586622931271 2.5624753291887377 345
1586622931271 2.56220885540009 346
1586622931271 2.562110069254931 347
1586622931271 2.5619553432514666 348
1586622931271 2.561217023328289 349
1586622931287 2.561116184352103 350
1586622931287 2.5609687318569367 351
1586622931287 2.5603976396182295 352
1586622931287 2.5602921207005704 353
1586622931287 2.5599068540599057 354
1586622931302 2.5598251861898436 355
1586622931302 2.5595770660804322 356
1586622931302 2.558769672142757 357
1586622931302 2.558637296939166 358
1586622931302 2.5582390671826625 359
1586622931302 2.557495527587595 360
1586622931318 2.5567288198544693 361
1586622931318 2.555922256550132 362
1586622931318 2.555811581700136 363
1586622931318 2.5548757504734456 364
1586622931318 2.5541795137679273 365
1586622931334 2.5540768470969804 366
1586622931334 2.553944879853019 367
1586622931334 2.553068455235702 368
1586622931334 2.5528601670388187 369
1586622931334 2.5528230153170126 370
1586622931334 2.5526874729394393 371
1586622931349 2.5525105467646436 372
1586622931349 2.5524720157927887 373
1586622931349 2.5517872478236625 374
1586622931349 2.551637660656976 375
1586622931349 2.5516362051729335 376
1586622931365 2.551190323720798 377
1586622931365 2.5510433880168524 378
1586622931365 2.5510245297179015 379
1586622931365 2.5508244724939226 380
1586622931365 2.5506830923049804 381
1586622931365 2.5503657231773627 382
1586622931380 2.550216050798646 383
1586622931380 2.5500159970492597 384
1586622931380 2.549704629837156 385
1586622931380 2.549609480801745 386
1586622931380 2.5494648765914474 387
1586622931396 2.549260527625526 388
1586622931396 2.549130261066357 389
1586622931396 2.5491332250001024 390
1586622931396 2.5489673849927046 391
1586622931396 2.5488617764280845 392
1586622931396 2.548461626765176 393
1586622931412 2.5483995834769706 394
1586622931412 2.5483708614275327 395
1586622931412 2.548234536374189 396
1586622931412 2.5478677830839622 397
1586622931412 2.5477563220893242 398
1586622931427 2.5475125157122016 399
1586622931427 2.5473940922240024 400
1586622931427 2.547162774585054 401
1586622931427 2.5470790757836492 402
1586622931427 2.5470054448018304 403
1586622931427 2.546917398393027 404
1586622931443 2.5464984414314427 405
1586622931443 2.5464550898114884 406
1586622931443 2.5462787568247274 407
1586622931443 2.5461313223466666 408
1586622931443 2.545985942426398 409
1586622931459 2.5458503890768287 410
1586622931459 2.545772296315381 411
1586622931459 2.5457737166332683 412
1586622931459 2.5457122364190834 413
1586622931459 2.5457098355550216 414
1586622931459 2.5455946019730633 415
1586622931474 2.545390379638613 416
1586622931474 2.545295004591213 417
1586622931474 2.544941101782277 418
1586622931474 2.5448958224890132 419
1586622931474 2.544837424729446 420
1586622931490 2.5447384341603985 421
1586622931490 2.544646094612389 422
1586622931490 2.544308488057449 423
1586622931490 2.543877284612423 424
1586622931490 2.5437850376518862 425
1586622931490 2.543605012799583 426
1586622931505 2.5435541544777385 427
1586622931505 2.5434081531406845 428
1586622931505 2.5432973934739516 429
1586622931505 2.54312860637069 430
1586622931505 2.5430570419237055 431
1586622931505 2.5429409249366097 432
1586622931521 2.542910848983732 433
1586622931521 2.5427845984787263 434
1586622931521 2.5423066711634905 435
1586622931521 2.5422735095635813 436
1586622931521 2.5417559361995106 437
1586622931537 2.5415735485926687 438
1586622931537 2.541350753330413 439
1586622931537 2.5411660161201532 440
1586622931537 2.540983576538611 441
1586622931537 2.540695515507372 442
1586622931537 2.540588997985991 443
1586622931552 2.540411059401277 444
1586622931552 2.5402458024483194 445
1586622931552 2.5401310579774323 446
1586622931552 2.5398546882064306 447
1586622931552 2.539586428938155 448
1586622931568 2.5393802358504267 449
1586622931568 2.5390150373969473 450
1586622931568 2.5384947816960826 451
1586622931568 2.537696268756248 452
1586622931568 2.5373110598088977 453
1586622931568 2.537162211399012 454
1586622931583 2.536789768848687 455
1586622931583 2.5365076036375713 456
1586622931583 2.536355653819329 457
1586622931583 2.5357199552883656 458
1586622931583 2.5356501084431846 459
1586622931599 2.535562337169218 460
1586622931599 2.534898961104331 461
1586622931599 2.5344111743204616 462
1586622931599 2.533553552024047 463
1586622931599 2.533396367859906 464
1586622931599 2.533159280037224 465
1586622931615 2.532551109530506 466
1586622931615 2.5325183862474807 467
1586622931615 2.532354387123958 468
1586622931615 2.532346203363058 469
1586622931615 2.531939505161185 470
1586622931630 2.531911147679544 471
1586622931630 2.53181214492122 472
1586622931630 2.531277830371174 473
1586622931630 2.530915346100285 474
1586622931630 2.530816700500333 475
1586622931630 2.530669064932456 476
1586622931646 2.5302893553915027 477
1586622931646 2.530204456122631 478
1586622931646 2.5301546975409765 479
1586622931646 2.5299716174647315 480
1586622931646 2.529888869427276 481
