1586640249166 17.701081022527784 0
1586640249166 16.88279900623317 1
1586640249181 16.094114156022993 2
1586640249181 15.359503600396815 3
1586640249181 14.647344287751855 4
1586640249197 13.983123769895855 5
1586640249197 13.35168515484893 6
1586640249213 12.752883046790654 7
1586640249213 12.17511591473334 8
1586640249213 11.629615888790786 9
1586640249228 11.106385165280532 10
1586640249228 10.615408108396363 11
1586640249228 10.151337157203205 12
1586640249244 9.706036331736263 13
1586640249244 9.275916422729846 14
1586640249244 8.87938432278243 15
1586640249244 8.492956614922159 16
1586640249260 8.123753378101224 17
1586640249260 7.785432597182626 18
1586640249260 7.465287259829702 19
1586640249275 7.162706161217893 20
1586640249275 6.867069371095729 21
1586640249275 6.587074149768542 22
1586640249275 6.323700365411938 23
1586640249291 6.084808722831522 24
1586640249291 5.850295415487609 25
1586640249291 5.628688678816734 26
1586640249291 5.421877407714553 27
1586640249306 5.235366512512919 28
1586640249306 5.050695707078483 29
1586640249306 4.879573079778976 30
1586640249306 4.7197078179584375 31
1586640249306 4.567720064301903 32
1586640249322 4.435566774532604 33
1586640249322 4.303936763085367 34
1586640249322 4.179395658984807 35
1586640249322 4.065454939848285 36
1586640249338 3.9761985385108862 37
1586640249338 3.891318692372766 38
1586640249338 3.796131523664683 39
1586640249338 3.7059589226954373 40
1586640249353 3.6222668006457313 41
1586640249353 3.5445741799378365 42
1586640249353 3.472977761867078 43
1586640249353 3.4072069950460273 44
1586640249353 3.3469170005707327 45
1586640249369 3.2969454403862777 46
1586640249369 3.2466560990944524 47
1586640249369 3.203339205520519 48
1586640249369 3.1626284253055346 49
1586640249385 3.1213324426861817 50
1586640249385 3.0833710519182937 51
1586640249385 3.048099660110417 52
1586640249385 3.01642528363185 53
1586640249385 2.9903133350127766 54
1586640249400 2.9618618215538928 55
1586640249400 2.9451611738574432 56
1586640249400 2.922746989485267 57
1586640249400 2.901833451080395 58
1586640249416 2.8829930360308746 59
1586640249416 2.863903046457827 60
1586640249416 2.848004319847144 61
1586640249416 2.8328035261642066 62
1586640249431 2.819401683332127 63
1586640249431 2.8070946204702794 64
1586640249431 2.7959635628496597 65
1586640249431 2.784907673452238 66
1586640249431 2.775692857354236 67
1586640249447 2.765448469792988 68
1586640249447 2.75808101537176 69
1586640249447 2.7546364701491517 70
1586640249447 2.750413908519216 71
1586640249463 2.7435658822775086 72
1586640249463 2.7371997835254915 73
1586640249463 2.7337931356546084 74
1586640249463 2.7317093310764196 75
1586640249478 2.729419269280628 76
1586640249478 2.725839334223123 77
1586640249478 2.7233309458196167 78
1586640249478 2.718542385418372 79
1586640249494 2.7182426163220414 80
1586640249494 2.71694320858313 81
1586640249494 2.7139877258036136 82
1586640249494 2.713784666879578 83
1586640249494 2.709563922444343 84
1586640249509 2.7081872637132 85
1586640249509 2.7066968588227316 86
1586640249509 2.7051475757185317 87
1586640249509 2.701576947204634 88
1586640249525 2.7000539238861294 89
1586640249525 2.6997338551786956 90
1586640249525 2.6987583988250443 91
1586640249525 2.6963814148900376 92
1586640249525 2.694535578172679 93
1586640249541 2.6923158188085314 94
1586640249541 2.689629435782923 95
1586640249541 2.6880415492064125 96
1586640249541 2.6876027029177916 97
1586640249541 2.6854703226824603 98
1586640249556 2.6839118240800808 99
1586640249556 2.683178248193876 100
1586640249556 2.6803761530633325 101
1586640249556 2.6798049971154523 102
1586640249572 2.6783796065618573 103
1586640249572 2.6767201372004403 104
1586640249572 2.6764645842997346 105
1586640249572 2.6753973512623634 106
1586640249572 2.6750100668679426 107
1586640249588 2.674445510293062 108
1586640249588 2.6720389783387635 109
1586640249588 2.670718595103149 110
1586640249588 2.669421248667802 111
1586640249588 2.6688397965261004 112
1586640249603 2.6678219131738654 113
1586640249603 2.6671147281146514 114
1586640249603 2.666717816040482 115
1586640249603 2.666082016589497 116
1586640249619 2.6640488010906034 117
1586640249619 2.6626263225502074 118
1586640249619 2.661872836783664 119
1586640249619 2.6615547172205813 120
1586640249619 2.660616664123216 121
1586640249634 2.6595685465912986 122
1586640249634 2.6563322879085915 123
1586640249634 2.655900760378337 124
1586640249634 2.655072704134165 125
1586640249634 2.6534690052948195 126
1586640249650 2.6532693756429824 127
1586640249650 2.653015455283045 128
1586640249650 2.6516477097373596 129
1586640249650 2.6508680021343207 130
1586640249650 2.650549039944465 131
1586640249666 2.6501442327547577 132
1586640249666 2.649879109003714 133
1586640249666 2.647518912287258 134
1586640249666 2.6467000949332515 135
1586640249681 2.6454846655577824 136
1586640249681 2.644844488654694 137
1586640249681 2.6442018646266705 138
1586640249681 2.641937808338466 139
1586640249681 2.6408158069824146 140
1586640249697 2.639531958374228 141
1586640249700 2.6389151985633954 142
1586640249700 2.6379386021198696 143
1586640249700 2.6376627468989224 144
1586640249700 2.6374258343371646 145
1586640249700 2.636486450087364 146
1586640249716 2.635717535418031 147
1586640249716 2.6352931054476656 148
1586640249716 2.6347484534269063 149
1586640249716 2.6333424917833606 150
1586640249716 2.633091647163225 151
1586640249732 2.6322896029628877 152
1586640249732 2.6313423279664367 153
1586640249732 2.631118103716493 154
1586640249732 2.6297213225634337 155
1586640249732 2.6283453819348237 156
1586640249747 2.6280818898765856 157
1586640249747 2.6276296864293944 158
1586640249747 2.627117186350559 159
1586640249747 2.625969192225345 160
1586640249747 2.6256538892239805 161
1586640249763 2.6247733741382917 162
1586640249763 2.6239183042506453 163
1586640249763 2.6236609538101074 164
1586640249763 2.6232190403134874 165
1586640249763 2.6228007938736235 166
1586640249778 2.6216358859913966 167
1586640249778 2.6205069973736212 168
1586640249778 2.620293422104747 169
1586640249778 2.620081053538894 170
1586640249778 2.619834215312952 171
1586640249794 2.6183118069659677 172
1586640249794 2.618076426984916 173
1586640249794 2.6176171360103524 174
1586640249794 2.6175073980785846 175
1586640249794 2.617178895710663 176
1586640249810 2.617024974532946 177
1586640249810 2.6168846912933845 178
1586640249810 2.61549669409985 179
1586640249810 2.614723658090637 180
1586640249810 2.6145225818502564 181
1586640249825 2.614292826666132 182
1586640249825 2.6126175903931763 183
1586640249825 2.6118642570882917 184
1586640249825 2.6105977802685008 185
1586640249835 2.610265272222906 186
1586640249835 2.609251232156935 187
1586640249835 2.609093119595833 188
1586640249835 2.608741467289498 189
1586640249851 2.6084675692399593 190
1586640249851 2.6083011787344534 191
1586640249851 2.6079119684495167 192
1586640249851 2.607707367694144 193
1586640249851 2.6067493392943395 194
1586640249867 2.6050669037449383 195
1586640249867 2.6040350198888262 196
1586640249867 2.6028703461941114 197
1586640249867 2.6026028841919615 198
1586640249882 2.6012806398701187 199
1586640249882 2.5990333951600526 200
1586640249882 2.598266325451003 201
1586640249882 2.5981130029889896 202
1586640249898 2.5979432606837487 203
1586640249898 2.5977362334831815 204
1586640249898 2.597614518198763 205
1586640249898 2.5959484305241247 206
1586640249914 2.593814898830405 207
1586640249914 2.593650097541838 208
1586640249914 2.5932257063178072 209
1586640249914 2.5923184279598237 210
1586640249929 2.5920911527502435 211
1586640249929 2.591904772978428 212
1586640249929 2.5911619192449313 213
1586640249929 2.5908841394171898 214
1586640249929 2.5898253332163215 215
1586640249945 2.5892786218501844 216
1586640249945 2.589197246028425 217
1586640249945 2.588990572646466 218
1586640249945 2.588916993145517 219
1586640249960 2.5884356747050776 220
1586640249960 2.5875544118015616 221
1586640249960 2.5874102885356693 222
1586640249960 2.5872702346021557 223
1586640249976 2.5869557804940784 224
1586640249976 2.5855315723235344 225
1586640249976 2.5849276377617834 226
1586640249976 2.5847608568101155 227
1586640249992 2.584250561015074 228
1586640249992 2.583472106393393 229
1586640249992 2.5833834870882497 230
1586640249992 2.5830222764353548 231
1586640249992 2.58289201713492 232
1586640250007 2.581433337037154 233
1586640250007 2.5811444723549752 234
1586640250007 2.581081082853188 235
1586640250007 2.579968233209527 236
1586640250023 2.5797602685866274 237
1586640250023 2.5788386889579216 238
1586640250023 2.5785643495927872 239
1586640250023 2.5782061048989426 240
1586640250039 2.5780689803514045 241
1586640250039 2.577734619658979 242
1586640250039 2.5762466705094793 243
1586640250039 2.5758640552834784 244
1586640250039 2.575473820674063 245
1586640250054 2.575150763972784 246
1586640250054 2.574738392357539 247
1586640250054 2.573991469021348 248
1586640250054 2.573884106374052 249
1586640250070 2.5732974312984522 250
1586640250070 2.5731479741845495 251
1586640250070 2.5724574731088983 252
1586640250070 2.5719972451756217 253
1586640250085 2.571890857586948 254
1586640250085 2.5718141469501092 255
1586640250085 2.571541926611251 256
1586640250085 2.5714492890772216 257
1586640250085 2.570959792517956 258
1586640250101 2.5707846354160466 259
1586640250101 2.5706881686602996 260
1586640250101 2.5704809615415662 261
1586640250101 2.5703210362314852 262
1586640250117 2.5698989768624125 263
1586640250117 2.569077207261022 264
1586640250117 2.5689061738803725 265
1586640250117 2.567407608713399 266
1586640250117 2.567121057208298 267
1586640250132 2.566937532574643 268
1586640250132 2.5667721486619697 269
1586640250132 2.5666478791654193 270
1586640250132 2.566199967015687 271
1586640250148 2.564559840957691 272
1586640250148 2.5642370731075674 273
1586640250148 2.5640404603358635 274
1586640250148 2.5637773655331837 275
1586640250148 2.5637135167267804 276
1586640250164 2.563370605604408 277
1586640250164 2.5632679467089057 278
1586640250164 2.5630968457340297 279
1586640250164 2.562879755423493 280
1586640250179 2.5626775756053277 281
1586640250179 2.562358155960224 282
1586640250179 2.560930374401669 283
1586640250179 2.5606672378593336 284
1586640250179 2.560631625635174 285
1586640250195 2.5593524611719403 286
1586640250195 2.559159360277625 287
1586640250195 2.5584543566746043 288
1586640250195 2.5583833509794176 289
1586640250195 2.558224688143202 290
1586640250210 2.5581004602013966 291
1586640250210 2.557512210221954 292
1586640250210 2.557481643622607 293
1586640250210 2.5573116342661986 294
1586640250226 2.5567282589345206 295
1586640250226 2.5564087392587576 296
1586640250226 2.5551746976453296 297
1586640250226 2.554680223513088 298
1586640250226 2.5543162159303536 299
1586640250242 2.5542728911914576 300
1586640250242 2.5540917392207314 301
1586640250242 2.553951077722796 302
1586640250242 2.553726797969226 303
1586640250257 2.5531917788044134 304
1586640250257 2.5525393676454127 305
1586640250257 2.5522855516966536 306
1586640250257 2.5520972643057678 307
1586640250257 2.550441214171827 308
1586640250273 2.5503948073500724 309
1586640250273 2.550108083884595 310
1586640250273 2.5499871219911827 311
1586640250273 2.549894378228875 312
1586640250273 2.549785936255005 313
1586640250288 2.5494031389736955 314
1586640250288 2.549123285361827 315
1586640250288 2.548982288560041 316
1586640250288 2.54896683913272 317
1586640250304 2.5488791070418455 318
1586640250304 2.548648763611532 319
1586640250304 2.54838125535375 320
1586640250304 2.5478240201500437 321
1586640250304 2.547654745407214 322
1586640250320 2.5474645037140164 323
1586640250320 2.5472180669845375 324
1586640250320 2.54718225689676 325
1586640250320 2.547031152660279 326
1586640250320 2.546748726359606 327
1586640250335 2.5467342423073753 328
1586640250335 2.5462852652228225 329
1586640250335 2.5462662701885983 330
1586640250335 2.5460521693104314 331
1586640250335 2.5459337819637575 332
1586640250351 2.5456416856759603 333
1586640250351 2.5453353852066187 334
1586640250351 2.5452035301348936 335
1586640250351 2.5449411960819246 336
1586640250367 2.5436664617884897 337
1586640250367 2.5435661771970204 338
1586640250367 2.5434748928559365 339
1586640250367 2.543404154271177 340
1586640250367 2.5426203145832003 341
1586640250382 2.542291224250852 342
1586640250382 2.541070122674311 343
1586640250382 2.5407769736288834 344
1586640250382 2.540696924332034 345
1586640250382 2.540584459886168 346
1586640250398 2.5405223722031747 347
1586640250398 2.540276708198024 348
1586640250398 2.540223249391323 349
1586640250398 2.540128868217591 350
1586640250398 2.5400123931853753 351
1586640250413 2.5397248466422466 352
1586640250413 2.5392336391256194 353
1586640250413 2.5379488407757713 354
1586640250413 2.5378453518017507 355
1586640250429 2.5374840612147573 356
1586640250429 2.5372241681392333 357
1586640250429 2.536276587809233 358
1586640250429 2.5361238464213045 359
1586640250429 2.535538123864541 360
1586640250445 2.5353993034689775 361
1586640250445 2.5346510984283817 362
1586640250445 2.5340457176933735 363
1586640250445 2.5339842410990054 364
1586640250445 2.533737910010183 365
1586640250460 2.533647485145103 366
1586640250460 2.5335931228950592 367
1586640250460 2.5333642817157145 368
1586640250460 2.5332757063611226 369
1586640250460 2.533118995548326 370
1586640250476 2.5327943399311006 371
1586640250476 2.5325388320696534 372
1586640250476 2.5325133300861893 373
1586640250476 2.532312803983345 374
1586640250492 2.53212582539678 375
1586640250492 2.5316506375160857 376
1586640250492 2.531133236938325 377
1586640250492 2.530967862314124 378
1586640250492 2.530805545660843 379
1586640250507 2.5306131545402972 380
1586640250507 2.5305109789826505 381
1586640250507 2.53039153703035 382
1586640250507 2.530309299485054 383
1586640250507 2.5302768362168098 384
1586640250523 2.5302105393342353 385
1586640250523 2.529957921305876 386
1586640250523 2.5293327854007557 387
1586640250523 2.5290143711456086 388
1586640250523 2.5288050501472417 389
1586640250538 2.52870147129977 390
1586640250538 2.528666099417265 391
1586640250538 2.5285974753437657 392
1586640250554 2.528538311660819 393
1586640250560 2.5283583541442076 394
1586640250575 2.5279643987849756 395
1586640250575 2.527259327181604 396
1586640250575 2.526092512159628 397
1586640250575 2.5260047339190437 398
1586640250575 2.525213765394779 399
1586640250591 2.525074913396812 400
1586640250591 2.5250230490356342 401
1586640250591 2.524293287576209 402
1586640250591 2.524211263424071 403
1586640250591 2.5241451056199913 404
1586640250591 2.52404074407437 405
1586640250607 2.523970948894786 406
1586640250607 2.5238196883673454 407
1586640250607 2.5237257284983823 408
1586640250607 2.5235892879781674 409
1586640250607 2.5234754266739436 410
1586640250622 2.523330232204078 411
1586640250622 2.5231948321243727 412
1586640250622 2.5231547902468083 413
1586640250622 2.522987754630922 414
1586640250622 2.5228661375959485 415
1586640250638 2.522750908610611 416
1586640250638 2.5215208352468768 417
1586640250638 2.5214177702778344 418
1586640250638 2.521339480213689 419
1586640250638 2.5208605329035327 420
1586640250638 2.519857995872037 421
1586640250653 2.5191096158798 422
1586640250653 2.5189472901349026 423
1586640250653 2.518930859608937 424
1586640250653 2.5187378445068407 425
1586640250653 2.518567604712082 426
1586640250669 2.5179894394159623 427
1586640250669 2.517539171277822 428
1586640250669 2.5172965681183443 429
1586640250669 2.5171971126618544 430
1586640250669 2.5171372624487414 431
1586640250685 2.517067732712216 432
1586640250685 2.516969653152909 433
1586640250685 2.5168979888729615 434
1586640250685 2.516807773897018 435
1586640250685 2.516652633959917 436
1586640250685 2.5164919388933047 437
1586640250700 2.5163194905327257 438
1586640250700 2.515596862843524 439
1586640250700 2.514748108864033 440
1586640250700 2.5144575207158812 441
1586640250700 2.51393358356715 442
1586640250716 2.5138426770360414 443
1586640250716 2.5137312834018695 444
1586640250716 2.5136030356746937 445
1586640250716 2.513481542409652 446
1586640250716 2.5133960806738274 447
1586640250716 2.513065902566745 448
1586640250732 2.5129666274545355 449
1586640250732 2.5127376214631925 450
1586640250732 2.512615740408021 451
1586640250732 2.5125629182785145 452
1586640250732 2.5125346664866823 453
1586640250747 2.5124316997163234 454
1586640250747 2.5123772764126895 455
1586640250747 2.5119682997577892 456
1586640250747 2.511949681564915 457
1586640250747 2.51190475279038 458
1586640250763 2.511806161735064 459
1586640250763 2.511705916446547 460
1586640250763 2.5116570501726594 461
1586640250763 2.5114035383102427 462
1586640250763 2.511298995925735 463
1586640250763 2.5112587221337015 464
1586640250778 2.5111966674430013 465
1586640250778 2.511137840783477 466
1586640250778 2.5110290519451928 467
1586640250778 2.510980813767694 468
1586640250778 2.510765485026881 469
1586640250794 2.510690880989656 470
1586640250794 2.510666318492092 471
1586640250794 2.510091176578784 472
1586640250794 2.5099534675884527 473
1586640250794 2.5096916614056335 474
1586640250794 2.509063150900361 475
1586640250810 2.5088961156398994 476
1586640250810 2.5083905725804168 477
1586640250810 2.5083376914935984 478
1586640250810 2.50827636662999 479
1586640250810 2.50813388136406 480
1586640250825 2.508128588114818 481
1586640250825 2.508094180889268 482
1586640250825 2.507996252662357 483
1586640250825 2.5077793446658982 484
1586640250825 2.5076417740969097 485
1586640250841 2.5076251168695256 486
1586640250841 2.5073035884634165 487
1586640250841 2.507110385461531 488
1586640250841 2.5070134200205234 489
1586640250841 2.50669194368148 490
1586640250841 2.5065976444238776 491
