1586633753631 4.277061731083539 0
1586633753631 4.222135465018229 1
1586633753646 4.169469708947661 2
1586633753646 4.117552840381296 3
1586633753662 4.065291148416662 4
1586633753662 4.012798257892885 5
1586633753662 3.9581080617864437 6
1586633753677 3.9027038924957114 7
1586633753677 3.84542180415729 8
1586633753677 3.7873637865944634 9
1586633753693 3.7286209383687035 10
1586633753693 3.66915027062494 11
1586633753693 3.608569619059453 12
1586633753709 3.5481647358000337 13
1586633753709 3.4886832038528484 14
1586633753709 3.430186578614349 15
1586633753724 3.373434209431833 16
1586633753724 3.3187302295806513 17
1586633753740 3.265817192993988 18
1586633753740 3.216318556791387 19
1586633753740 3.1684191205831937 20
1586633753740 3.12454360076537 21
1586633753756 3.0839777395479713 22
1586633753756 3.0480629671417554 23
1586633753756 3.0127434659400736 24
1586633753756 2.9813873592547635 25
1586633753771 2.953712074140285 26
1586633753771 2.930336614133696 27
1586633753771 2.9052938175213585 28
1586633753771 2.8850959481496035 29
1586633753787 2.869566675492385 30
1586633753787 2.8523379553289856 31
1586633753787 2.841409519424168 32
1586633753787 2.8274839502307807 33
1586633753802 2.816083541419121 34
1586633753802 2.804021173742501 35
1586633753802 2.792652785375442 36
1586633753802 2.7864647192154943 37
1586633753818 2.7794804475151507 38
1586633753818 2.7767201776577846 39
1586633753818 2.7736244714756646 40
1586633753818 2.7659014995128612 41
1586633753834 2.7608438288114185 42
1586633753834 2.75490864516609 43
1586633753834 2.7526397317904565 44
1586633753834 2.74242055624162 45
1586633753849 2.7387269359763513 46
1586633753850 2.7361605961298023 47
1586633753850 2.732370419792033 48
1586633753850 2.729660887808833 49
1586633753850 2.7265728186778175 50
1586633753866 2.7221542328896637 51
1586633753866 2.712205510008819 52
1586633753866 2.7091977443990922 53
1586633753866 2.7051822795647644 54
1586633753882 2.7034924411033607 55
1586633753882 2.7007204186641944 56
1586633753882 2.697727932017793 57
1586633753882 2.697108230885087 58
1586633753897 2.6953961229879497 59
1586633753897 2.693647253509418 60
1586633753897 2.6928025161771587 61
1586633753897 2.6920576551641324 62
1586633753913 2.6898746341703004 63
1586633753913 2.688533157385669 64
1586633753913 2.6869399883134877 65
1586633753913 2.685019391543732 66
1586633753928 2.683335355710351 67
1586633753928 2.681649005581824 68
1586633753928 2.680261915079413 69
1586633753928 2.6795135467997313 70
1586633753928 2.6780604119264746 71
1586633753944 2.6757521951892596 72
1586633753944 2.674411114076517 73
1586633753944 2.674237745673224 74
1586633753944 2.6732363318070833 75
1586633753960 2.6721015852957812 76
1586633753960 2.671349846854498 77
1586633753960 2.6709237430548036 78
1586633753960 2.670428754022719 79
1586633753960 2.669922458987459 80
1586633753975 2.6695395426593076 81
1586633753975 2.6678060548200757 82
1586633753975 2.6672822540930703 83
1586633753991 2.665624328425446 84
1586633753991 2.6641739632642265 85
1586633753991 2.6637187721329676 86
1586633753991 2.663329761624447 87
1586633754007 2.6627266191396384 88
1586633754007 2.662413236322501 89
1586633754007 2.6606752579624415 90
1586633754007 2.658114703927706 91
1586633754007 2.6578237348276734 92
1586633754022 2.6577139800689284 93
1586633754022 2.65547985626497 94
1586633754022 2.654994975097637 95
1586633754022 2.6547620173390776 96
1586633754022 2.6544858801470586 97
1586633754038 2.654074218196824 98
1586633754038 2.653928765430798 99
1586633754038 2.6536383268573567 100
1586633754038 2.651925362135326 101
1586633754053 2.6485049259706317 102
1586633754053 2.648331327291269 103
1586633754053 2.6466208313504067 104
1586633754053 2.6460154027202507 105
1586633754053 2.645354808959288 106
1586633754069 2.644383813152646 107
1586633754069 2.639731783559255 108
1586633754069 2.6394163217315203 109
1586633754069 2.6386493862066374 110
1586633754085 2.637807872874304 111
1586633754085 2.637472420969207 112
1586633754085 2.6345262367421856 113
1586633754085 2.6343013895349814 114
1586633754085 2.6331283504488496 115
1586633754100 2.632829174482467 116
1586633754100 2.632619597427862 117
1586633754100 2.63247373639395 118
1586633754100 2.6312805573537377 119
1586633754116 2.6310750507254355 120
1586633754116 2.630995504406527 121
1586633754116 2.6306933762755897 122
1586633754116 2.6298382184693314 123
1586633754116 2.629349709542468 124
1586633754132 2.629290667857246 125
1586633754132 2.629083064251888 126
1586633754132 2.6285973893372954 127
1586633754132 2.628229944796442 128
1586633754147 2.6279612031683093 129
1586633754147 2.6279204243769656 130
1586633754147 2.6267185437338716 131
1586633754147 2.6266746462277393 132
1586633754147 2.62637186311085 133
1586633754163 2.626308345596514 134
1586633754163 2.6262633473209807 135
1586633754163 2.6248527914837174 136
1586633754163 2.6246260526026264 137
1586633754163 2.6244556611565932 138
1586633754178 2.6231288080589525 139
1586633754178 2.6216435768587387 140
1586633754178 2.6212609923125063 141
1586633754178 2.621169843010747 142
1586633754194 2.6208635903624624 143
1586633754194 2.61721485963101 144
1586633754194 2.616146477362409 145
1586633754194 2.6161031152014984 146
1586633754194 2.61557616845022 147
1586633754210 2.6147921791791244 148
1586633754210 2.6139020022803727 149
1586633754210 2.6138620780475046 150
1586633754210 2.6133403408014977 151
1586633754225 2.6133275443092225 152
1586633754225 2.6127079331933865 153
1586633754225 2.612570395937878 154
1586633754225 2.6119637231762276 155
1586633754225 2.611700642714007 156
1586633754241 2.611406476800862 157
1586633754241 2.61109680989736 158
1586633754241 2.611031075833424 159
1586633754241 2.6110110438482774 160
1586633754241 2.6109705608676435 161
1586633754257 2.6107562342068977 162
1586633754257 2.610678366532645 163
1586633754257 2.6106497864905753 164
1586633754257 2.610462435060064 165
1586633754272 2.6102441103344396 166
1586633754272 2.6099588868401935 167
1586633754272 2.6098311860090355 168
1586633754272 2.6097842110528817 169
