1586636375772 4.30625569249599 0
1586636375772 4.277621668508192 1
1586636375788 4.2500793233740835 2
1586636375788 4.223315317146269 3
1586636375803 4.19708260634501 4
1586636375803 4.171544469068371 5
1586636375803 4.145814826330696 6
1586636375819 4.120379917292888 7
1586636375819 4.094599609576709 8
1586636375819 4.068906132117024 9
1586636375835 4.043002557603943 10
1586636375835 4.016808294369187 11
1586636375835 3.990102244066936 12
1586636375850 3.9629989704005086 13
1586636375850 3.9355537537927336 14
1586636375866 3.9077632597973335 15
1586636375866 3.879931291744282 16
1586636375866 3.851387573246782 17
1586636375866 3.822534509443063 18
1586636375882 3.7934263016325445 19
1586636375882 3.7639960440979916 20
1586636375882 3.734375077550425 21
1586636375882 3.704862923384015 22
1586636375897 3.675392447583441 23
1586636375897 3.645552466611701 24
1586636375897 3.6156899146303494 25
1586636375897 3.5861060295632714 26
1586636375913 3.556369516384299 27
1586636375913 3.5268729379425734 28
1586636375913 3.4977543274589538 29
1586636375928 3.468578072342368 30
1586636375928 3.4396384468060175 31
1586636375928 3.4115788262148006 32
1586636375928 3.3838081454199407 33
1586636375944 3.35635770614608 34
1586636375944 3.329251746529445 35
1586636375944 3.3027240074431385 36
1586636375944 3.2777154918901843 37
1586636375960 3.2528150073380164 38
1586636375960 3.229443554694745 39
1586636375960 3.2060116077634357 40
1586636375960 3.182944296367258 41
1586636375975 3.1599559228062635 42
1586636375975 3.138606444343465 43
1586636375975 3.117424537415531 44
1586636375975 3.0981863540770243 45
1586636375993 3.078543631940915 46
1586636375997 3.060373265569219 47
1586636376001 3.0416015418263482 48
1586636376005 3.0244526315940377 49
1586636376009 3.00959245939772 50
1586636376013 2.993836430320132 51
1586636376017 2.979008855983431 52
1586636376021 2.9649391700413212 53
1586636376022 2.952546734838912 54
1586636376022 2.9398068283494005 55
1586636376022 2.926307916855958 56
1586636376022 2.915200988267418 57
1586636376038 2.9051765464050643 58
1586636376038 2.8957536660931584 59
1586636376038 2.8861152013323457 60
1586636376038 2.87776955299267 61
1586636376053 2.8714433098511085 62
1586636376053 2.863023616905057 63
1586636376053 2.854561352008559 64
1586636376053 2.8465050851740954 65
1586636376053 2.840727852577461 66
1586636376069 2.8341395943288776 67
1586636376069 2.8273554809874932 68
1586636376069 2.8210636937645224 69
1586636376069 2.8145665638651103 70
1586636376085 2.810625594491937 71
1586636376085 2.8051219637133773 72
1586636376085 2.8009473051870644 73
1586636376085 2.7969070009637336 74
1586636376100 2.7944973051693354 75
1586636376100 2.7911545401574522 76
1586636376100 2.7858967109565076 77
1586636376100 2.7807240953195946 78
1586636376100 2.7760141443983177 79
1586636376116 2.774315398215335 80
1586636376116 2.7701644435841803 81
1586636376116 2.7658704179999365 82
1586636376116 2.764388140203527 83
1586636376132 2.763026652621949 84
1586636376132 2.761383913764168 85
1586636376132 2.7571448858061056 86
1586636376132 2.7530445612010226 87
1586636376132 2.7510537339603247 88
1586636376147 2.749979020181858 89
1586636376147 2.749268976732695 90
1586636376147 2.7459348279075995 91
1586636376147 2.7425181666935887 92
1586636376147 2.7408840702162056 93
1586636376163 2.7383979743365057 94
1586636376163 2.7347599462243957 95
1586636376163 2.7334279355158575 96
1586636376163 2.731946932465065 97
1586636376178 2.7307204877060975 98
1586636376178 2.7259918034454347 99
1586636376178 2.7244368323033705 100
1586636376178 2.7236806094756685 101
1586636376178 2.7222570792435867 102
1586636376194 2.7209946521956567 103
1586636376194 2.7198682993791405 104
1586636376194 2.7185161064021264 105
1586636376194 2.7173342407697954 106
1586636376210 2.715716284661138 107
1586636376210 2.715115616380826 108
1586636376210 2.7137250635986736 109
1586636376210 2.713098236679433 110
1586636376210 2.7119628920933785 111
1586636376225 2.71028507961583 112
1586636376225 2.708620643858601 113
1586636376225 2.7058412133912184 114
1586636376225 2.7048750086128375 115
1586636376225 2.7036250325145406 116
1586636376241 2.7021384494976464 117
1586636376241 2.7015568099339533 118
1586636376241 2.7007809570202514 119
1586636376241 2.7004448395307326 120
1586636376257 2.699059136043872 121
1586636376257 2.6979123952818944 122
1586636376257 2.6972048044685613 123
1586636376257 2.6959936253874184 124
1586636376257 2.695486941025774 125
1586636376272 2.694853844948678 126
1586636376272 2.69454085964473 127
1586636376272 2.692960815863495 128
1586636376272 2.691871480116898 129
1586636376272 2.6904072491406925 130
1586636376288 2.6894054861508594 131
1586636376288 2.6889059061649037 132
1586636376288 2.687855027915822 133
1586636376288 2.6873382463002446 134
1586636376288 2.6861149005423655 135
1586636376303 2.6858228028607205 136
1586636376303 2.6845628800088632 137
1586636376303 2.6834249064732063 138
1586636376303 2.683123091407464 139
1586636376319 2.6810144139143723 140
1586636376319 2.68078809880453 141
1586636376319 2.679729851466732 142
1586636376319 2.67938188958329 143
1586636376319 2.6785329009422147 144
1586636376335 2.6773236076158806 145
1586636376335 2.676260156958108 146
1586636376335 2.674906222919575 147
1586636376335 2.674663297477706 148
1586636376335 2.6744305843813447 149
1586636376350 2.6741390060442565 150
1586636376350 2.673357746116487 151
1586636376350 2.6727451053708644 152
1586636376350 2.6724441734124094 153
1586636376350 2.672293869556242 154
1586636376366 2.6713374231098497 155
1586636376366 2.6706005726800117 156
1586636376366 2.669810486261701 157
1586636376366 2.669140851355365 158
1586636376366 2.668868808338463 159
1586636376382 2.6677921402985403 160
1586636376382 2.6671186817370813 161
1586636376382 2.6669469332504234 162
1586636376382 2.6665068660844096 163
1586636376382 2.6663868646328455 164
1586636376397 2.6661288401619854 165
1586636376397 2.6659346020947314 166
1586636376397 2.6652528401929625 167
1586636376397 2.6648244353942596 168
1586636376397 2.6641134327606872 169
1586636376413 2.663616350442145 170
1586636376413 2.663481862595972 171
1586636376413 2.663068293315559 172
1586636376413 2.662791713656297 173
1586636376413 2.6625783125721756 174
1586636376428 2.6619391195328346 175
1586636376428 2.6615351942802636 176
1586636376428 2.6607487651357626 177
1586636376428 2.6605878793258646 178
1586636376428 2.659862864291663 179
1586636376444 2.65968312947196 180
1586636376444 2.6593474674245394 181
1586636376444 2.6584890501832223 182
1586636376444 2.657989640021836 183
1586636376444 2.657417665500872 184
1586636376460 2.6573018092371874 185
1586636376460 2.653997052601069 186
1586636376460 2.653850549911211 187
1586636376460 2.6533486948056644 188
1586636376460 2.6528626582551396 189
1586636376475 2.6526264150724277 190
1586636376475 2.65243344917996 191
1586636376475 2.6513444254118013 192
1586636376475 2.6491270755144587 193
1586636376475 2.6489842996218913 194
1586636376475 2.6485708091998053 195
1586636376491 2.64794120748574 196
1586636376491 2.64772811491282 197
1586636376491 2.64691914740816 198
1586636376491 2.6465693789667837 199
1586636376491 2.6441117082704357 200
1586636376507 2.6439006335558415 201
1586636376507 2.6430633173891316 202
1586636376507 2.642865071343744 203
1586636376507 2.6427245144956193 204
1586636376507 2.6424733201737616 205
1586636376522 2.6417786093382998 206
1586636376522 2.641686936892589 207
1586636376522 2.6407912057144824 208
1586636376522 2.6403370483961996 209
1586636376522 2.6401541899467476 210
1586636376538 2.639826279803965 211
1586636376538 2.6397053683929785 212
1586636376538 2.6393793787303506 213
1586636376538 2.6391560241353083 214
1586636376538 2.6390715228824972 215
1586636376553 2.638921644122634 216
1586636376553 2.638785836176971 217
1586636376553 2.6385294435294235 218
1586636376553 2.6381285837820396 219
1586636376553 2.637432673161536 220
1586636376569 2.6372588082252677 221
1586636376569 2.6367207230989704 222
1586636376569 2.6365829961352323 223
1586636376569 2.636410887706218 224
1586636376569 2.636298308714785 225
1586636376569 2.6343786311746173 226
1586636376585 2.633894104207281 227
1586636376585 2.633848482194996 228
1586636376585 2.6337564309346986 229
1586636376585 2.6335616367750947 230
1586636376585 2.6333774294285353 231
1586636376600 2.632485642341347 232
1586636376600 2.632390105138457 233
1586636376600 2.6302631664670826 234
1586636376600 2.629825427147145 235
1586636376600 2.629678904521864 236
1586636376616 2.6294087892644114 237
1586636376616 2.6279192337598354 238
1586636376616 2.627661081559079 239
1586636376616 2.627184931539061 240
1586636376616 2.6266953603264147 241
1586636376616 2.6266547734421564 242
1586636376631 2.6261994595645755 243
1586636376631 2.6259920372802856 244
1586636376631 2.625894144827268 245
1586636376631 2.625606061803357 246
1586636376631 2.625562315534209 247
1586636376647 2.6250388364755524 248
1586636376647 2.624957014389617 249
1586636376647 2.6247961402191824 250
1586636376647 2.6223267454804575 251
1586636376647 2.6222474258834163 252
1586636376663 2.6220983958578166 253
1586636376663 2.621961001742725 254
1586636376663 2.621846544447572 255
1586636376663 2.621747219336425 256
1586636376663 2.621743889817391 257
