1586633017452 17.081937151783713 0
1586633017452 16.31453013047666 1
1586633017452 15.585949758065016 2
1586633017467 14.870784676746721 3
1586633017467 14.173814477124344 4
1586633017467 13.529812247558173 5
1586633017483 12.918267215412735 6
1586633017483 12.319862414827364 7
1586633017483 11.755274922268997 8
1586633017498 11.21613366307983 9
1586633017498 10.70442232921765 10
1586633017498 10.218939948520713 11
1586633017514 9.777041666864154 12
1586633017514 9.342117815840838 13
1586633017514 8.93001774725789 14
1586633017530 8.53945817287467 15
1586633017530 8.167967275760018 16
1586633017530 7.818233620285597 17
1586633017530 7.487446747833979 18
1586633017545 7.174900390397785 19
1586633017545 6.878461941932077 20
1586633017545 6.599356969248323 21
1586633017545 6.33597480038701 22
1586633017561 6.085792181071382 23
1586633017561 5.851802053177733 24
1586633017561 5.631173219611306 25
1586633017561 5.4233388298572525 26
1586633017561 5.228726095108638 27
1586633017577 5.045344748702097 28
1586633017577 4.8738668046588645 29
1586633017577 4.7120311785168445 30
1586633017577 4.562722439934081 31
1586633017592 4.421023379274587 32
1586633017592 4.29988522538267 33
1586633017592 4.178027038705573 34
1586633017592 4.061729189341183 35
1586633017608 3.9535722682048657 36
1586633017608 3.862676775077746 37
1586633017608 3.7768758080213978 38
1586633017623 3.6907803678608744 39
1586633017623 3.6092914358383044 40
1586633017623 3.5338828952612054 41
1586633017639 3.4632029682178604 42
1586633017639 3.398228140532722 43
1586633017639 3.3388807265732585 44
1586633017655 3.2847700686398014 45
1586633017655 3.2404092587248283 46
1586633017655 3.1926028955263046 47
1586633017655 3.149374098930668 48
1586633017670 3.1097404977733265 49
1586633017670 3.072239487729055 50
1586633017670 3.0378813733899483 51
1586633017670 3.0079183461054613 52
1586633017670 2.9791320596333954 53
1586633017686 2.952661638062301 54
1586633017686 2.9274016035944426 55
1586633017686 2.908285422963556 56
1586633017686 2.887654793809574 57
1586633017702 2.8690665708644114 58
1586633017702 2.853679734179564 59
1586633017702 2.83789232512676 60
1586633017702 2.823657355089475 61
1586633017717 2.8123371132818176 62
1586633017717 2.799503620831713 63
1586633017717 2.788714318631846 64
1586633017717 2.7790590186287383 65
1586633017717 2.77006252830591 66
1586633017733 2.7614348165510876 67
1586633017733 2.753581006403378 68
1586633017733 2.746429459279946 69
1586633017733 2.7401676994529227 70
1586633017748 2.7350500221147955 71
1586633017748 2.7303320919077825 72
1586633017748 2.7258906074035827 73
1586633017748 2.7222791182340536 74
1586633017748 2.7194481105364217 75
1586633017764 2.7164059294230603 76
1586633017764 2.7136396738904125 77
1586633017764 2.709625565936374 78
1586633017764 2.707661627121408 79
1586633017780 2.7057175130896796 80
1586633017780 2.704678368636597 81
1586633017780 2.7021758857582276 82
1586633017780 2.7003858400169425 83
1586633017795 2.6976628093168085 84
1586633017795 2.6951772782749654 85
1586633017795 2.693887737859584 86
1586633017795 2.6921353111137254 87
1586633017795 2.6905277793624838 88
1586633017811 2.6895372058982963 89
1586633017811 2.6874657874886503 90
1586633017811 2.68709294585024 91
1586633017811 2.685214114003675 92
1586633017827 2.6842138300552483 93
1586633017827 2.682758096785216 94
1586633017827 2.6805135835862326 95
1586633017827 2.6791925618285 96
1586633017827 2.677283918698616 97
1586633017842 2.675891371744932 98
1586633017842 2.6733468863037086 99
1586633017842 2.6717239336854375 100
1586633017842 2.670713427164014 101
1586633017858 2.6685829989101824 102
1586633017858 2.6682521615532955 103
1586633017858 2.667434201788749 104
1586633017858 2.667303930224837 105
1586633017873 2.666566408974274 106
1586633017873 2.665092810987068 107
1586633017873 2.6642878716234577 108
1586633017873 2.6640277151994876 109
1586633017873 2.663120290935437 110
1586633017889 2.661658864364197 111
1586633017889 2.661048126915409 112
1586633017889 2.659468124856426 113
1586633017889 2.65844866493111 114
1586633017889 2.6580438448640518 115
1586633017905 2.657247264510021 116
1586633017905 2.6560331762621554 117
1586633017905 2.6553785699000465 118
1586633017915 2.654752508447785 119
1586633017915 2.6538130392611015 120
1586633017915 2.6534836298339455 121
1586633017930 2.6526305398259997 122
1586633017930 2.651029290707011 123
1586633017930 2.650424229746914 124
1586633017930 2.6497135046108404 125
1586633017946 2.6480569937388583 126
1586633017946 2.646932449654363 127
1586633017946 2.646746017893363 128
1586633017962 2.6465293660581994 129
1586633017962 2.6462183019906464 130
1586633017962 2.6453228186182516 131
1586633017977 2.6448310836932793 132
1586633017977 2.6438588730214665 133
1586633017977 2.643407602029083 134
1586633017977 2.642806042609999 135
1586633017993 2.6423812404935543 136
1586633017993 2.6421327072336886 137
1586633017993 2.641019655949325 138
1586633018008 2.6403194919368302 139
1586633018008 2.6399944346987296 140
1586633018008 2.6390546331775733 141
1586633018008 2.638157950633078 142
1586633018024 2.637905137681928 143
1586633018024 2.636504965591907 144
1586633018024 2.6351073777427727 145
1586633018024 2.6343899951245247 146
1586633018040 2.6334522573414825 147
1586633018040 2.6322966959047873 148
1586633018040 2.631896189719556 149
1586633018055 2.6302414995512144 150
1586633018055 2.630050586319777 151
1586633018055 2.629426530086779 152
1586633018055 2.628504577653767 153
1586633018071 2.628147099404927 154
1586633018071 2.6269699318455486 155
1586633018071 2.6265977724347853 156
1586633018071 2.6259508501064177 157
1586633018087 2.625541355514523 158
1586633018087 2.6253749800350406 159
1586633018087 2.624322681962362 160
1586633018102 2.624084649347965 161
1586633018102 2.623733732902713 162
1586633018102 2.622501431146147 163
1586633018102 2.6221537276979103 164
1586633018118 2.6219683730609638 165
1586633018118 2.620967497081531 166
1586633018118 2.6191171152640407 167
1586633018118 2.618888138436204 168
1586633018133 2.6179467756666166 169
1586633018133 2.6176854980238873 170
1586633018133 2.6169817953063186 171
1586633018133 2.616617226788926 172
1586633018149 2.615060156556529 173
1586633018149 2.614130278876049 174
1586633018149 2.6140406695617595 175
1586633018165 2.6134669704598497 176
1586633018165 2.6132469857053153 177
1586633018165 2.612911855259792 178
1586633018165 2.612462784433633 179
1586633018180 2.611915518550699 180
1586633018180 2.6115824539751724 181
1586633018180 2.610750233953999 182
1586633018180 2.609836166750219 183
1586633018196 2.6092839648735797 184
1586633018196 2.608941292754522 185
1586633018196 2.6084853161663837 186
1586633018196 2.6078682634940753 187
1586633018212 2.607626188468039 188
1586633018212 2.606454678247885 189
1586633018212 2.606286653261646 190
1586633018212 2.606050103874468 191
1586633018227 2.6051359943971506 192
1586633018227 2.603952186146215 193
1586633018227 2.603658484810602 194
1586633018227 2.6034735246296172 195
1586633018243 2.6033094632470672 196
1586633018243 2.602569350298188 197
1586633018243 2.6011816702532338 198
1586633018243 2.600793261419813 199
1586633018258 2.5991262121182617 200
1586633018258 2.5979870051144647 201
1586633018258 2.597109270004653 202
1586633018258 2.5968162767161704 203
1586633018274 2.5966065165303385 204
1586633018274 2.596466115424935 205
1586633018274 2.5961770786424903 206
1586633018274 2.596050459838416 207
1586633018290 2.5958971262600374 208
1586633018290 2.595600636324776 209
1586633018290 2.593873819437688 210
1586633018290 2.5927308783667815 211
1586633018305 2.5924792926216687 212
1586633018305 2.5924044080608066 213
1586633018305 2.592000348680309 214
1586633018305 2.5912934627949107 215
1586633018305 2.59104134777743 216
1586633018321 2.590949498052742 217
1586633018321 2.5904958549146277 218
1586633018321 2.5903869789606038 219
1586633018321 2.5882266262755595 220
1586633018336 2.5860172469835914 221
1586633018336 2.585748181960258 222
1586633018336 2.5849101363585314 223
1586633018336 2.584530684821353 224
1586633018352 2.584416652624241 225
1586633018352 2.5836970594565387 226
1586633018352 2.5834248215696998 227
1586633018352 2.583140038002319 228
1586633018368 2.582218551162168 229
1586633018368 2.5819703631915627 230
1586633018368 2.5816984275767223 231
1586633018368 2.581488791842519 232
1586633018383 2.581350225893903 233
1586633018383 2.581075943542677 234
1586633018383 2.580949276003496 235
1586633018383 2.5803821778691303 236
1586633018399 2.5802482520850973 237
1586633018399 2.580035163561803 238
1586633018399 2.5798585199770367 239
1586633018399 2.5791019880211232 240
1586633018399 2.5788873709785154 241
1586633018415 2.578592404024498 242
1586633018415 2.5784077215564825 243
1586633018415 2.577497892146268 244
1586633018415 2.5770864736479466 245
1586633018430 2.5766660437824145 246
1586633018430 2.5765203547987636 247
1586633018430 2.576475836303779 248
1586633018430 2.576360277973812 249
1586633018446 2.5762238772258925 250
1586633018446 2.575868212162268 251
1586633018446 2.575534023060013 252
1586633018446 2.5754099563348665 253
1586633018461 2.5751485589469034 254
1586633018461 2.574181485833929 255
1586633018461 2.573900640539261 256
1586633018461 2.573468693182609 257
1586633018461 2.573130780181867 258
1586633018477 2.5730069787289342 259
1586633018477 2.5727196493299207 260
1586633018477 2.571832379418212 261
1586633018477 2.57148497785299 262
1586633018493 2.571037766665858 263
1586633018493 2.570006167448247 264
1586633018493 2.5697462994275644 265
1586633018493 2.569280650735741 266
1586633018508 2.5687550877380847 267
1586633018508 2.568501320366552 268
1586633018508 2.5684060967219193 269
1586633018508 2.568212261598495 270
1586633018508 2.567473435154977 271
1586633018524 2.567147105481833 272
1586633018524 2.566868910716713 273
1586633018524 2.5667098355343896 274
1586633018524 2.566525833301755 275
1586633018540 2.565561453627773 276
1586633018540 2.565486040239232 277
1586633018540 2.565238117683185 278
1586633018540 2.5646021452700887 279
1586633018540 2.5645652358194546 280
1586633018555 2.5644193759878484 281
1586633018555 2.5643262659048958 282
1586633018555 2.5629243868218277 283
1586633018555 2.562828887427476 284
1586633018571 2.5626605527328565 285
1586633018571 2.561484451668664 286
1586633018571 2.560013883620516 287
1586633018571 2.559995595276387 288
1586633018571 2.5583389709775015 289
1586633018586 2.5582235546867294 290
1586633018586 2.5580393950869027 291
1586633018586 2.5578758078806514 292
1586633018586 2.557538154191417 293
1586633018602 2.557443321020312 294
1586633018602 2.5569735809732057 295
1586633018602 2.556892164747097 296
1586633018602 2.5559155128061706 297
1586633018602 2.5558317624322218 298
1586633018618 2.5556983238123236 299
1586633018618 2.5556166876020634 300
1586633018618 2.553604757008327 301
1586633018618 2.5535848726956383 302
1586633018633 2.5535217087401003 303
1586633018633 2.553334966156908 304
1586633018633 2.553228018758826 305
1586633018633 2.552127464823786 306
1586633018633 2.551912223182139 307
1586633018649 2.5516559770517153 308
1586633018649 2.5515991649597227 309
1586633018649 2.5514041102649867 310
1586633018649 2.5511769910751605 311
1586633018665 2.5510505758511717 312
1586633018665 2.5507369227913887 313
1586633018665 2.5506388833741394 314
1586633018665 2.5505135140050763 315
1586633018665 2.5498701277045654 316
1586633018680 2.5497895942416724 317
1586633018680 2.549690097457153 318
1586633018680 2.5493496203380763 319
1586633018680 2.549119821676146 320
1586633018680 2.548099850178566 321
1586633018696 2.5475617376992306 322
1586633018696 2.547467247332987 323
1586633018696 2.54726831026092 324
1586633018696 2.547069922818914 325
1586633018711 2.546505130205096 326
1586633018711 2.54638511405195 327
1586633018711 2.545674446230813 328
1586633018711 2.5449516093711573 329
1586633018711 2.5447922415439246 330
1586633018727 2.543766985639451 331
1586633018727 2.5435748766306534 332
1586633018727 2.543052875363119 333
1586633018727 2.5430217981518113 334
1586633018743 2.542851364669534 335
1586633018743 2.542292099239523 336
1586633018743 2.5420455589611124 337
1586633018743 2.541862515145543 338
1586633018743 2.54173110923504 339
1586633018758 2.5408719421728487 340
1586633018758 2.540685361098822 341
1586633018758 2.5396939584980096 342
1586633018758 2.538413568928232 343
1586633018758 2.537378317799051 344
1586633018774 2.537184353625109 345
1586633018774 2.536713917600126 346
1586633018774 2.5366911767194833 347
1586633018774 2.536208015151155 348
1586633018774 2.5360904556424178 349
1586633018790 2.536013607905801 350
1586633018790 2.535850157238426 351
1586633018790 2.535775056439113 352
1586633018790 2.535538315511758 353
1586633018790 2.5351871069145493 354
1586633018805 2.5350470004897185 355
1586633018805 2.534865270700796 356
1586633018805 2.5346739736130917 357
1586633018815 2.5342724079541923 358
1586633018815 2.5342276855771035 359
1586633018815 2.53392182161931 360
1586633018815 2.5338908374017257 361
1586633018815 2.5334275921780742 362
1586633018831 2.533382629095263 363
1586633018831 2.532983308336792 364
1586633018831 2.532809587917419 365
1586633018831 2.532734526417013 366
1586633018831 2.5327184167428927 367
1586633018847 2.532380883566728 368
1586633018847 2.532334690062455 369
1586633018847 2.5322582673951803 370
1586633018847 2.532162299991949 371
1586633018847 2.532059090571932 372
1586633018862 2.5319243043612523 373
1586633018862 2.5313297973430755 374
1586633018862 2.5312187899593632 375
1586633018862 2.531155872230785 376
1586633018878 2.5310975580331574 377
1586633018878 2.5310656097405206 378
1586633018878 2.530918016596575 379
1586633018878 2.530414539884878 380
1586633018878 2.5300495077205087 381
1586633018893 2.5295003055300276 382
1586633018893 2.52912124323869 383
1586633018893 2.528755090230773 384
1586633018893 2.528735564093082 385
1586633018893 2.528631472875458 386
1586633018909 2.52845684654593 387
1586633018909 2.5279474469198018 388
1586633018909 2.5271536387422224 389
1586633018909 2.5271181065494286 390
1586633018909 2.5268097321882284 391
1586633018925 2.526420725062618 392
1586633018925 2.5263227571662545 393
1586633018925 2.526202353450513 394
1586633018925 2.526097479471291 395
1586633018925 2.5259625642931463 396
1586633018943 2.5258999875680432 397
1586633018944 2.5258097803137716 398
1586633018944 2.525776712245893 399
1586633018944 2.525543978960822 400
1586633018944 2.5252272563144755 401
1586633018944 2.525068600621093 402
1586633018960 2.5248297702614435 403
1586633018960 2.524575149117552 404
1586633018960 2.5243639851071755 405
1586633018960 2.524155885418327 406
1586633018960 2.524145306559336 407
1586633018975 2.5240501209703052 408
1586633018975 2.5239204161235334 409
1586633018975 2.523805719589912 410
1586633018975 2.5237077293263743 411
1586633018975 2.5236598326621635 412
1586633018991 2.5235701996872053 413
1586633018991 2.523536447179743 414
1586633018991 2.523471155868375 415
1586633018991 2.5233462482426443 416
1586633018991 2.52326831945191 417
1586633019007 2.5230279653000194 418
1586633019007 2.5229898695415427 419
1586633019007 2.522956129478817 420
1586633019007 2.5229254899022044 421
1586633019007 2.522431697800009 422
1586633019022 2.5222433175230505 423
1586633019022 2.522162591162148 424
1586633019022 2.5214645575699177 425
1586633019022 2.521394839105837 426
1586633019022 2.521370493997241 427
1586633019038 2.5212295876881656 428
1586633019038 2.521094814531193 429
1586633019038 2.5210169898264114 430
1586633019038 2.520976028179499 431
1586633019038 2.520869935238416 432
1586633019053 2.52078526764286 433
1586633019053 2.5206509079594857 434
1586633019053 2.5205940003670477 435
1586633019053 2.5205374249560193 436
1586633019053 2.5204874998006446 437
