1586625398112 4.277065112810169 0
1586625398128 4.22212660165774 1
1586625398128 4.169446146116895 2
1586625398144 4.117513059764774 3
1586625398144 4.065185428745345 4
1586625398144 4.012577200234651 5
1586625398159 3.9578919742671386 6
1586625398159 3.9024679191749048 7
1586625398159 3.8452146402083294 8
1586625398175 3.787245949311744 9
1586625398175 3.7285350925105245 10
1586625398175 3.6686965871986477 11
1586625398191 3.608206719920364 12
1586625398191 3.54785159662117 13
1586625398206 3.4881971194117254 14
1586625398206 3.4300325970190073 15
1586625398206 3.3739546542222283 16
1586625398206 3.318469723511523 17
1586625398222 3.264990800530185 18
1586625398222 3.21547212213149 19
1586625398222 3.167966052486118 20
1586625398222 3.1244494973039707 21
1586625398237 3.084091426666582 22
1586625398237 3.0492423117316387 23
1586625398237 3.015464546685007 24
1586625398237 2.9833377887952164 25
1586625398253 2.956595937123234 26
1586625398253 2.932736445159692 27
1586625398253 2.909230866281386 28
1586625398253 2.8876771333272346 29
1586625398269 2.8694482772625602 30
1586625398269 2.8537980791643363 31
1586625398269 2.8424539473937958 32
1586625398269 2.82913200439792 33
1586625398284 2.8164238971845488 34
1586625398284 2.8033151956873126 35
1586625398284 2.7921213461300307 36
1586625398300 2.784711703242806 37
1586625398300 2.7771374587400275 38
1586625398300 2.77361367020346 39
1586625398316 2.7682353657325756 40
1586625398316 2.7619300960882582 41
1586625398331 2.7552476689872933 42
1586625398331 2.752667503937677 43
1586625398331 2.748747449039196 44
1586625398347 2.74095699292945 45
1586625398347 2.735351459930423 46
1586625398347 2.7336242071285457 47
1586625398347 2.7282391183965027 48
1586625398362 2.7249018505590965 49
1586625398362 2.723716341851734 50
1586625398362 2.720585968692495 51
1586625398362 2.716161008776044 52
1586625398378 2.7143940309017 53
1586625398378 2.711995106404396 54
1586625398378 2.7108458557876642 55
1586625398378 2.7088896612663773 56
1586625398394 2.706304106158694 57
1586625398394 2.704130816094564 58
1586625398394 2.7004223318226686 59
1586625398394 2.699653642683908 60
1586625398409 2.698015616614047 61
1586625398409 2.6958377468177783 62
1586625398409 2.6934974951718367 63
1586625398409 2.693097224279318 64
1586625398409 2.6923065994086453 65
1586625398425 2.6916923760092355 66
1586625398425 2.6888669053563516 67
1586625398440 2.6870088168518134 68
1586625398440 2.68663814491182 69
1586625398440 2.685799480134932 70
1586625398440 2.6854175350210325 71
1586625398440 2.6848400238936327 72
1586625398456 2.6833582213961766 73
1586625398456 2.6827751827733977 74
1586625398456 2.682044315334985 75
1586625398456 2.6810746629836846 76
1586625398472 2.6790434197718747 77
1586625398472 2.6783426541638313 78
1586625398472 2.6779426168148914 79
1586625398472 2.677394996330718 80
1586625398487 2.676972415967881 81
1586625398487 2.6740233383997185 82
1586625398487 2.673380540647927 83
1586625398487 2.6730834454806636 84
1586625398487 2.671463403920263 85
1586625398503 2.6663533172956186 86
1586625398503 2.6652919707387395 87
1586625398503 2.6648203348701567 88
1586625398503 2.664536718316533 89
1586625398503 2.6625249940574642 90
1586625398519 2.6620691341586187 91
1586625398519 2.6616598233886046 92
1586625398519 2.6614629234821052 93
1586625398519 2.660988364241987 94
1586625398534 2.659785616651782 95
1586625398534 2.6591250143395206 96
1586625398534 2.6587447935838826 97
1586625398534 2.6582209625950908 98
1586625398534 2.6526116071213437 99
1586625398550 2.651433058710924 100
1586625398550 2.649708503622588 101
1586625398550 2.6488766565951694 102
1586625398550 2.6487424960485932 103
1586625398565 2.648550552173175 104
1586625398565 2.646891668871386 105
1586625398565 2.6462410989862777 106
1586625398565 2.644579594197976 107
1586625398565 2.644208868460872 108
1586625398581 2.6435082150532576 109
1586625398581 2.6431272439440416 110
1586625398581 2.642646519232481 111
1586625398581 2.6424934893315846 112
1586625398581 2.641871094230355 113
1586625398597 2.6413342340905004 114
1586625398605 2.6409266013728034 115
1586625398607 2.640753320836609 116
1586625398607 2.6357206699387192 117
1586625398607 2.6356759056067443 118
1586625398623 2.635078131316915 119
1586625398623 2.6350673473395836 120
1586625398623 2.6348126171093234 121
1586625398623 2.63244586286991 122
1586625398638 2.63235830255784 123
1586625398638 2.6320357002801247 124
1586625398638 2.631976566397398 125
1586625398638 2.631672067382684 126
1586625398654 2.6315303580092544 127
1586625398654 2.631389504234597 128
1586625398654 2.631075695826168 129
1586625398654 2.6308711488001513 130
1586625398654 2.6308583650386463 131
1586625398669 2.630680803508411 132
1586625398669 2.630495465838101 133
1586625398669 2.6293868240133063 134
1586625398669 2.6290591918453994 135
1586625398669 2.6288919966500917 136
1586625398685 2.628688872948237 137
1586625398685 2.625732017089453 138
1586625398685 2.6235258313967202 139
1586625398685 2.6232609860069402 140
1586625398685 2.6230653486917044 141
1586625398701 2.622951353991594 142
1586625398701 2.622710325222236 143
1586625398701 2.6225950284388513 144
1586625398701 2.6159755753273086 145
1586625398701 2.6150548390201385 146
1586625398716 2.6144927874788997 147
1586625398716 2.6120586864572775 148
1586625398716 2.6120079345289615 149
1586625398716 2.6117798164608317 150
1586625398732 2.6114535949293276 151
1586625398732 2.6114233239961853 152
1586625398732 2.6106337460389137 153
1586625398732 2.6106089085357986 154
1586625398732 2.6094042514741846 155
1586625398748 2.609245021929145 156
1586625398748 2.6091438165492242 157
1586625398748 2.608262296847596 158
1586625398748 2.6081600426150033 159
1586625398748 2.607961533659927 160
1586625398763 2.6078847702059322 161
1586625398763 2.6078019309185203 162
1586625398763 2.6076619685601825 163
1586625398763 2.6074363021434475 164
1586625398763 2.6070511205643965 165
1586625398779 2.6067866440585283 166
1586625398779 2.6067835894176863 167
1586625398779 2.604428785718599 168
1586625398779 2.60426306171135 169
1586625398779 2.604207265463628 170
1586625398794 2.6042116952462413 171
